
16,9,103,49
102,13,252,46
101,138,181,168
180,130,270,171
269,142,423,167
95,167,215,201
210,164,235,196
235,168,431,193
95,199,201,226
201,196,255,222
255,193,356,221
91,225,294,259
300,224,405,259
399,229,427,262
96,264,174,285
172,252,195,285
194,259,220,285
214,254,244,287
434,114,670,298
98,293,323,327
319,302,482,323
476,297,625,326
305,354,329,373
325,344,361,382
356,344,373,380
371,350,434,377
433,351,473,373
474,344,537,374
535,347,568,382
239,346,263,373
260,349,285,374
281,343,300,376