
52,19,129,45
121,16,180,52
173,10,318,50
89,65,132,87
130,57,187,91
172,61,224,88
222,62,296,92
49,61,89,91
96,105,153,137
157,109,230,133
222,109,342,133
340,109,411,137
406,113,496,136
490,110,583,136
574,115,601,135
598,104,646,135
636,112,663,131
99,139,204,167
207,139,242,166
252,288,400,314
96,232,700,273
250,184,311,220
310,188,334,215
334,179,412,217
406,190,424,221
420,190,542,216
99,318,155,352
153,321,222,351
220,318,361,346
353,319,395,347
388,323,439,348
432,321,520,343
518,326,572,350
566,326,594,347
586,327,640,352
100,347,201,380
205,355,227,377
247,396,307,436
305,399,334,427
329,395,413,433
410,392,424,433
417,399,539,430
437,401,466,431
242,504,317,528
307,502,397,527
94,442,698,487