
14,11,160,45
157,9,277,49
101,53,173,78
171,52,199,78
194,54,218,82
216,46,240,80
140,84,228,114
222,92,245,109
244,80,373,114
373,89,493,116
482,90,557,112
554,87,642,114
634,95,657,114
656,92,681,114
289,124,378,156
370,125,396,150
391,118,463,154
460,123,484,158
472,125,542,152
158,167,687,201
150,212,212,248
206,210,355,242
353,216,397,243
394,216,482,244
468,210,545,246
542,222,656,246
652,215,676,243
667,220,696,243
302,247,375,281
367,249,388,278
387,243,459,282
456,243,467,285
464,252,535,279
54,355,196,382
40,387,232,422
232,386,319,422
318,392,358,421
358,378,427,422
433,390,580,417