
193,60,298,83
14,12,207,48
310,62,442,82
439,65,531,83
100,84,224,114
222,87,297,115
301,87,327,112
324,91,351,110
347,84,553,117
549,84,669,115
335,138,464,173
93,198,236,223
239,198,308,220
308,198,334,224
328,198,457,224
455,198,540,224
533,198,649,225
649,199,690,223
98,225,171,251
159,228,182,253
181,228,318,253
268,257,496,281
249,314,311,340
307,308,331,341
322,314,400,339
398,307,489,336
479,312,552,336
163,374,295,392
530,370,661,397
179,480,291,513
289,485,348,511
344,487,435,508
307,518,430,541
447,487,546,512
556,486,702,507
591,515,667,538
353,429,384,453
486,428,505,459
591,426,652,455
229,459,244,479
293,370,535,393