
97,142,278,174
95,178,386,205
97,215,348,241
92,243,282,276
98,280,409,311
96,318,588,342
98,331,492,359
99,364,471,395
101,401,455,429
657,275,698,299
658,306,699,333
654,340,698,369
657,374,700,402
142,131,275,153
98,163,138,190
134,168,229,189
225,168,274,191
271,159,386,193
98,198,235,225
230,198,350,224
94,233,187,257
187,238,279,262
273,271,407,296
102,302,189,328
185,307,328,327
320,298,355,329
353,304,587,325
97,332,198,367
196,334,281,362
275,331,495,362
95,369,170,396
174,374,209,397
214,370,300,398
296,373,474,396
100,403,216,433
221,405,331,431
329,414,457,429