
9,8,225,50
99,64,208,93
201,67,285,90
285,53,584,86
581,66,659,89
234,99,305,124
98,124,184,151
179,128,289,156
281,127,365,153
367,123,533,153
528,125,579,154
574,123,674,158
92,158,330,185
328,155,430,180
432,153,614,178
95,191,389,217
381,186,530,215
516,189,688,215
101,218,180,250
174,225,281,247
159,255,298,280
295,246,322,281
320,251,349,282
345,249,373,280
373,255,657,279
367,309,387,328
386,299,408,331
408,303,430,328
175,367,256,387
264,363,550,390
547,365,676,388
364,411,438,438
96,475,213,498
207,472,268,498
270,473,297,499
293,469,392,502
392,472,439,498
432,467,495,498
489,472,570,499
565,470,704,501
96,501,222,526
218,504,447,529
445,504,500,528