
15,10,321,48
92,55,138,83
135,59,284,90
271,60,499,90
486,53,605,89
596,59,695,87
98,89,261,117
250,90,460,116
460,85,511,112
507,88,543,114
549,89,679,110
110,109,362,150
342,114,441,147
432,118,531,147
529,118,557,141
553,123,573,142
572,120,606,145
103,144,360,176
357,156,488,172
285,195,322,218
327,191,383,219
378,179,395,224
393,190,461,223
460,190,499,218
498,186,565,217
104,249,162,275
163,244,232,274
235,245,340,276
334,246,617,278
612,241,653,276
99,275,198,303
199,272,270,301
48,322,210,351
58,360,249,392
248,357,323,391
312,362,386,391
376,362,417,393
416,356,500,395
507,369,551,395
547,365,600,389
596,356,668,391