
57,108,191,133
190,106,303,129
172,143,186,165
185,142,208,166
208,146,233,165
231,143,298,166
302,141,318,167
319,144,368,165
370,139,437,164
456,141,537,168
539,144,624,163
624,145,647,164
101,172,145,194
169,211,186,227
185,208,209,229
209,204,236,231
238,209,303,226
300,208,321,230
323,207,494,226
491,205,598,229
598,205,626,228
625,205,648,229
645,209,672,227
675,193,692,239
100,230,166,262
161,234,185,255
187,232,208,257
209,231,234,259
236,234,252,257
255,235,276,257
275,230,298,257
297,233,337,255
339,232,359,257
357,231,380,255
381,233,402,257
163,269,192,298
189,268,210,294
211,263,235,294
233,269,299,290
298,271,322,296
322,267,399,291
396,267,441,289
442,263,525,291
51,326,101,352
101,328,235,353
240,327,350,355
101,359,122,392
120,364,140,389
142,362,164,387
164,366,227,386
233,355,253,398
273,366,311,387
312,365,420,385
382,399,424,422
423,405,497,424
538,398,626,424
176,400,195,424
195,404,220,427
288,398,360,428
107,396,168,428
139,433,160,455
101,434,116,455
117,434,139,460
162,436,227,454
226,434,248,457
246,433,309,455
311,433,402,457
401,437,481,457