
11,12,293,48
95,128,184,157
178,133,307,153
302,133,479,158
468,126,590,156
583,131,689,152
97,161,138,186
129,160,177,183
170,154,373,185
367,156,399,187
417,191,457,219
455,192,550,218
544,187,647,218
94,221,198,246
200,215,278,245
273,217,323,253
221,191,381,220
100,253,259,280
252,259,376,281
370,257,430,283
429,253,649,285
93,286,198,310
198,288,240,306
232,280,356,312
98,316,285,338
145,342,211,368
216,341,331,374
336,348,390,370
144,367,210,398
211,367,331,397
337,376,399,393
203,398,310,430
307,405,338,426
332,404,605,430