
16,16,145,46
142,21,349,47
88,112,180,142
183,112,216,142
206,115,254,145
247,118,276,142
276,113,402,140
408,117,427,141
104,147,142,164
139,140,163,168
167,138,288,171
286,145,431,168
104,179,155,200
158,174,301,200
305,168,329,196
327,175,380,194
93,205,232,233
233,205,255,232
259,208,304,227
301,205,327,233
328,206,424,230
101,230,126,260
119,234,143,264
141,236,164,265
444,100,672,259
100,268,322,298
319,272,459,295
457,272,563,295
243,314,309,348
316,325,341,349
330,321,371,351
366,323,385,355
378,321,448,353
442,327,471,354
460,322,531,349
521,324,546,353
106,382,360,411
356,389,469,413
484,382,637,411
632,383,698,411
101,414,142,449
137,415,216,436