
15,13,121,50
126,21,293,49
99,61,134,89
127,65,257,92
250,69,362,92
356,67,487,89
315,109,476,142
91,138,312,170
101,174,131,201
125,173,349,203
351,183,526,203
522,181,624,203
620,183,646,208
640,179,690,208
99,211,141,232
140,203,247,233
237,192,373,237
364,206,576,234
119,280,281,325
276,292,306,319
305,264,485,341
484,293,513,319
505,271,666,329
95,359,348,388
341,356,457,387
450,352,690,385
93,385,238,413
102,422,218,451
217,414,454,445
450,412,588,447
589,421,683,456
100,450,182,481
181,441,308,478
300,452,424,480
417,450,633,478
94,487,259,508
244,484,437,511
427,484,597,507