
10,16,164,46
167,15,359,48
115,58,140,82
141,61,227,85
225,59,296,86
290,61,358,87
358,59,430,83
101,90,122,113
114,85,237,114
237,85,266,111
136,120,258,141
148,146,180,173
172,140,319,171
320,138,344,174
168,174,307,193
173,200,214,220
157,220,182,247
174,225,255,245
253,225,343,242
339,222,358,246
455,70,626,223
421,250,476,281
468,255,572,279
572,249,646,281
136,326,257,344
186,353,229,370
188,375,227,396
190,405,229,427
176,424,259,450
360,253,379,280
379,253,406,279
340,259,365,277
487,295,648,465
97,470,242,498
523,475,643,497
99,505,194,528