
8,16,73,46
64,17,169,43
172,12,254,47
94,59,198,92
190,72,384,93
379,70,534,93
525,67,695,94
106,99,230,120
223,99,312,115
319,81,468,123
459,96,605,123
112,134,187,157
186,130,218,159
212,132,276,154
271,131,386,154
384,128,417,159
409,132,603,153
596,124,622,155
622,132,646,158
645,130,669,155
89,163,232,184
225,160,277,181
278,154,325,187
323,150,396,179
394,160,492,180
55,208,186,237
54,251,163,276
158,248,234,275
232,254,301,276
288,231,506,281
504,256,545,268
54,277,295,316
98,467,230,498
224,472,384,494
384,473,615,496
609,470,676,494
99,502,320,526