
203,138,385,160
384,134,533,161
143,140,206,160
98,166,266,190
416,166,552,192
263,167,321,191
317,166,425,190
175,191,213,217
97,230,696,280
105,345,174,373
172,346,340,371
334,344,442,372
659,380,690,405
123,413,215,435
204,411,301,434
306,384,577,403
95,130,385,159
385,133,533,161
528,130,681,157
96,158,268,186
266,159,323,184
321,157,421,187
418,158,553,187
176,181,206,213
100,231,694,272
192,315,289,340
284,320,344,338
346,316,529,335
532,313,641,338
103,341,168,365
172,343,307,365
303,337,441,368
97,371,281,402
279,377,463,400
463,365,588,410
657,378,697,402
589,376,659,400
89,407,307,428