
9,15,153,46
156,18,285,44
101,57,259,88
256,62,383,86
378,54,445,90
442,55,648,84
94,85,208,112
205,86,298,111
352,84,467,114
465,90,552,114
552,86,660,113
646,87,686,119
93,118,400,142
619,115,680,146
446,116,610,142
151,119,265,144
220,147,308,172
270,198,530,229
203,257,329,284
134,292,204,313
196,291,256,317
244,287,372,313
364,292,396,320
384,286,474,318
466,283,583,313
587,288,647,316
176,327,227,348
220,318,357,349
346,323,473,346
129,381,191,409
243,382,265,416
329,385,392,408
463,385,474,413
528,379,654,410
650,381,676,414
198,438,298,468
312,436,406,489
417,443,508,465
519,442,683,464
557,471,641,492
316,468,410,496
245,409,259,442
217,507,231,537
568,502,588,539
250,506,461,531