
9,18,372,53
207,114,357,137
278,256,355,278
359,256,420,277
426,254,542,278
547,260,674,282
95,280,274,307
250,173,517,196
508,170,669,196
49,201,203,223
316,202,409,223
208,202,321,221
257,143,501,167
533,144,627,168
614,203,702,223
49,225,243,251
50,257,263,281
186,434,273,466
429,438,560,463
171,327,369,349
366,324,537,349
520,321,639,351
44,355,215,378
253,353,366,376
361,355,685,379
46,381,332,409
347,410,455,435
273,439,390,465
552,437,686,464
11,15,180,45
181,19,236,46
237,18,376,44
203,111,358,133
353,103,531,133
523,107,680,132
52,140,159,160
153,135,230,163
234,133,315,165
309,137,474,161
465,127,635,164
627,142,662,165
663,142,702,163
50,167,241,192
246,166,348,187
339,168,430,190
424,166,524,189
515,161,644,191
52,202,204,219
309,194,407,220
413,192,484,218
472,189,580,221
572,181,708,216
54,223,85,249
88,219,249,246
241,224,285,246
283,223,370,247
367,224,452,248
442,227,607,250
48,253,264,274
278,253,358,278
357,252,429,277
419,256,547,277
539,256,672,277
96,278,272,301
90,323,174,342
174,313,369,344
359,316,533,343
525,316,637,347
55,349,212,375
213,350,258,370
254,352,338,370
334,346,548,372
537,346,685,375
46,378,130,401
125,378,327,400
324,377,464,399
455,377,601,400
585,376,700,402
53,404,329,426
323,401,454,426
457,404,556,430
552,400,678,428
53,439,188,459
180,432,271,456
266,433,387,459
383,435,433,458
427,431,556,455
553,430,686,454