
14,11,106,49
101,14,217,45
100,102,122,127
122,97,143,134
148,100,167,131
164,103,189,136
191,104,217,132
213,100,240,135
238,104,265,134
265,99,699,132
104,132,283,155
291,125,376,162
96,164,242,195
239,167,262,195
258,165,280,197
285,164,314,194
312,172,488,193
489,170,509,193
506,167,558,193
556,160,693,196
94,196,140,222
133,196,431,224
424,191,593,220
583,194,607,220
603,190,654,222
97,235,190,260
193,231,212,254
212,228,272,256
273,225,383,256
385,233,413,256
619,231,648,261
601,225,622,257
647,229,670,256
110,264,230,282
228,252,280,283
277,252,329,283
324,259,465,281
455,255,489,289
56,333,201,357
199,335,223,356
225,331,356,360
358,336,449,358
96,380,209,403
206,374,339,405
339,382,460,404
465,379,492,407
492,378,510,405
507,380,532,407
530,373,554,407
552,378,602,406
601,381,625,405
625,382,650,408
644,379,675,402
95,409,244,433
247,411,281,435
273,408,297,433
297,409,329,437
327,406,418,434
417,409,475,435
419,446,546,467
542,443,682,468