
4,12,118,49
92,62,123,96
117,63,146,96
145,74,207,94
206,75,290,95
289,70,414,94
229,114,251,145
251,111,274,151
271,120,296,147
466,47,655,234
98,181,216,204
209,181,374,203
379,173,409,202
101,204,286,235
281,202,304,232
94,234,256,259
173,268,299,287
172,295,307,315
174,319,259,338
158,313,179,338
256,312,287,344
158,291,188,315
303,292,335,316
143,348,263,375
268,343,289,375
291,347,312,378
313,346,331,382
333,344,481,375
484,348,630,378
318,404,385,423
388,402,408,426
415,401,478,429
96,461,165,479
160,457,194,483
194,456,258,484
254,452,346,491
246,490,323,516
431,490,458,521
458,490,520,518
518,496,566,515
567,481,650,518