
245,165,322,191
97,163,126,192
320,167,410,191
179,163,244,189
186,192,212,226
275,193,368,216
401,194,483,217
173,237,622,277
489,193,611,220
191,305,348,334
338,308,513,330
100,339,196,359
363,333,508,362
101,369,253,393
440,367,607,395
98,158,128,185
181,163,242,179
239,160,409,183
98,191,190,211
185,189,213,218
278,190,302,208
213,187,280,211
346,191,364,214
398,188,490,213
486,185,611,211
173,229,270,269
268,238,331,268
336,236,433,272
429,227,500,271
490,231,588,269
95,334,218,354
208,330,309,354
303,335,511,351
98,360,226,392
230,363,433,389
442,362,607,390