
281,166,1104,347
283,338,892,453
282,452,1099,611
282,594,750,732
257,741,673,784
297,802,703,829
699,798,882,823
486,814,677,851
448,848,745,877
739,848,830,876
827,854,996,873
995,851,1101,878
303,873,377,897
514,878,691,898
687,873,806,900
800,859,918,905
911,868,1105,906
300,898,426,919
298,923,504,947
491,915,661,945
329,943,431,973
418,942,576,968
573,938,636,967
636,940,830,969
825,950,951,972
328,968,505,992
496,960,741,995
833,972,918,991
730,964,814,997
907,970,967,1000
961,967,1100,993
336,1001,384,1015
391,991,529,1014
531,989,563,1014
565,987,740,1019
328,1018,440,1041
430,1000,595,1038
586,1012,722,1044
706,1012,762,1042
745,1016,854,1037
854,1009,982,1046
972,1014,1054,1044
329,1046,463,1068
435,1030,635,1064
632,1042,683,1065
327,1068,534,1089
519,1061,708,1090
703,1066,800,1086
786,1059,954,1088
950,1064,1111,1098
333,1092,534,1112
287,1109,606,1139
602,1108,647,1136
640,1105,738,1141
741,1114,782,1138
770,1112,933,1137
936,1102,1097,1140
299,1139,726,1159
727,1135,916,1162
325,1157,575,1184
330,1184,393,1211
369,1184,615,1208
618,1184,849,1205
835,1174,1011,1205
1011,1184,1099,1210
329,1217,502,1230
324,1232,837,1258
824,1219,1038,1254
329,1260,408,1280
400,1251,502,1277
498,1237,621,1281
618,1250,847,1281
838,1257,964,1281
965,1249,1072,1282
315,1282,485,1299
476,1281,744,1301
299,1306,403,1325
402,1304,499,1328
490,1298,660,1327
656,1289,780,1327
769,1294,947,1326
940,1292,1094,1329
303,1326,406,1350
395,1321,532,1353
520,1316,600,1351
592,1318,776,1349
769,1322,899,1350
889,1321,1076,1350
481,1350,718,1376
710,1344,861,1379
300,1349,486,1380