
51,966,154,987
48,991,218,1006
51,1010,120,1027
117,1004,185,1029
185,998,254,1026
58,1030,233,1049
57,1070,117,1094
117,1071,239,1090
54,1088,223,1111
53,1112,121,1130
120,1110,225,1132
58,1133,82,1148
78,1118,176,1146
164,1130,211,1145
53,1151,155,1168
53,1191,120,1214
117,1189,175,1211
52,1218,165,1235
159,1216,200,1233
48,1234,137,1250
136,1236,174,1251
167,1224,232,1252
65,1255,148,1274
52,1286,112,1312
109,1291,170,1312
54,1308,168,1325
165,1312,221,1326
52,1333,135,1347
135,1327,167,1347
163,1329,229,1347
58,1348,159,1371
267,636,708,678
716,630,851,676
738,195,813,218
807,193,1023,217
265,223,322,250
336,217,436,249
439,217,521,249
516,221,566,244
622,226,697,253
699,221,854,245
262,252,371,277
370,250,456,276
456,252,490,272
489,255,592,279
592,248,706,274
700,250,773,277
765,245,868,276
860,241,919,273
910,248,976,272
959,255,1104,276
255,277,320,302
314,271,511,300
283,297,488,329
477,295,734,327
720,295,929,329
920,298,1095,332
257,341,345,355
340,326,559,355
550,320,616,354
615,321,719,356
713,332,899,356
940,330,998,355
990,328,1108,352
257,353,431,382
428,356,580,382
570,350,677,383
657,349,774,383
762,354,894,378
879,351,1059,382
1061,357,1103,381
255,381,327,403
321,378,440,408
431,375,676,411
668,383,758,407
749,381,859,410
854,374,961,412
956,390,1106,410
254,414,376,434
367,401,490,438
485,409,589,438
536,437,665,466
664,429,794,461
784,435,1052,463
362,466,498,491
489,460,968,489
982,462,1102,493
260,493,403,519
386,487,639,515
627,487,766,513
758,489,902,518
882,478,1107,523
255,518,406,539
394,515,573,545
557,513,676,549
678,506,763,540
761,515,804,540
797,520,919,550
893,509,1105,545
256,544,393,570
383,545,567,566
565,528,694,574
680,543,779,572
745,544,930,571
921,543,954,574
965,542,1008,572
1005,545,1113,574
258,572,356,598
257,689,526,722
516,687,695,717
695,690,852,723
859,696,1101,721
245,719,378,749
356,718,608,748
633,726,862,748
863,718,1001,748
983,711,1099,747
259,752,360,774
350,748,568,775
562,749,664,774
665,746,874,782
864,752,964,782
961,749,1039,772
1036,745,1098,779
264,774,374,798
367,777,553,805
562,777,654,802
655,775,751,803
749,769,850,808
833,781,912,807
873,783,1031,803
1032,772,1082,807
276,803,510,828
499,802,679,828
671,794,801,831
801,796,875,828
867,801,1101,830
258,830,312,854
301,824,558,853
555,832,625,848
621,834,727,859
721,835,823,857
820,828,896,857
891,833,968,855
957,829,1103,856
266,857,451,882
449,849,583,884
590,860,642,879
643,861,725,883
713,852,817,882
805,848,874,888
863,847,972,880
968,851,1077,882
354,887,411,918
556,891,647,910
288,914,450,940
434,907,732,941
722,910,849,933
842,914,1095,939
263,942,392,958
284,967,395,989
396,956,508,992
405,995,616,1022
510,967,582,994
570,960,703,991
691,962,841,993
835,958,983,991
620,993,694,1024
686,984,751,1011
745,986,1022,1018
1018,991,1104,1023
294,1014,587,1045
640,1052,795,1071
790,1046,928,1072