
289,166,580,192
580,165,657,193
653,161,929,188
935,163,1069,194
483,183,568,215
989,195,1093,212
306,224,393,239
382,218,522,241
519,210,600,239
593,217,653,245
624,217,1024,236
303,237,449,265
437,235,627,264
326,262,602,288
591,265,713,288
700,255,784,284
785,264,941,285
327,289,465,316
463,280,530,312
523,285,715,314
725,285,795,315
799,280,914,314
903,287,1075,313
333,316,383,336
367,311,529,335
521,306,669,334
670,314,771,335
765,312,842,336
300,330,556,361
552,327,969,358
301,356,517,382
513,360,673,384
665,353,752,382
760,353,926,384
915,349,1106,385
296,391,389,405
303,428,799,642
333,668,480,689
480,668,513,696
510,656,708,692
747,672,803,690
857,676,898,690
894,655,994,691
989,660,1097,696
331,694,450,712
450,690,674,712
674,688,888,718
886,689,1083,713
323,715,489,741
488,712,633,738
336,729,427,762
419,737,490,761
481,733,571,760
568,743,713,763
706,734,793,759
810,738,942,763
935,738,1046,760
331,766,400,785
305,948,504,974
574,948,704,972
846,945,976,969