
255,157,424,202
289,214,430,241
419,211,500,242
496,209,615,238
608,211,671,236
671,221,709,242
703,217,863,244
854,219,907,242
907,217,1019,239
288,240,377,264
372,240,414,262
408,241,558,264
550,234,609,265
605,244,694,267
675,238,788,266
781,242,863,267
860,236,1003,264
1000,240,1093,264
286,261,397,294
406,265,498,290
497,266,651,284
653,270,793,292
793,266,834,293
821,272,934,291
936,262,1061,292
280,285,519,310
280,309,394,333
384,307,552,335
529,311,628,338
617,305,719,338
707,308,804,335
791,304,921,339
901,308,1033,332
279,337,364,362
357,332,409,362
403,339,445,363
438,334,549,361
541,339,653,362
650,341,724,361
716,340,909,362
898,328,958,360
953,336,1080,363
286,357,383,382
378,361,494,385
491,355,572,383
557,352,715,383
711,361,894,384
883,361,963,380
960,359,1059,380
276,380,462,406
446,378,545,410
547,391,710,409
702,377,861,408
851,375,906,413
901,380,960,408
955,388,1065,407
286,408,352,432
286,423,364,453
362,437,424,455
415,433,476,456
472,431,562,455
555,434,652,453
647,435,699,454
694,430,743,459
725,435,902,458
894,430,961,456
959,433,1020,456
288,459,363,480
365,452,417,481
399,449,484,477
477,453,678,483
672,449,758,481
754,446,867,479
854,452,942,481
942,446,1036,483
284,481,365,505
368,473,426,506
421,478,514,505
510,477,660,503
651,473,712,506
701,474,779,505
766,483,939,503
926,481,1042,507
283,505,362,529
367,501,398,531
262,600,399,627
391,607,457,624
256,558,462,593
283,974,1007,1095
286,1092,1094,1265
282,1265,1097,1383
283,700,436,730
429,709,521,727
511,700,699,727
684,702,900,725
895,699,976,725
975,706,1106,729
287,730,378,750
366,725,465,750
447,725,646,753
632,716,767,754
752,719,907,750
902,730,975,751
289,754,351,773
346,749,519,771
515,750,595,773
581,753,634,779
623,754,770,777
760,752,877,776
865,749,929,779
920,752,1105,776
346,781,481,799
284,797,357,822
353,799,497,824
494,801,660,824
653,797,715,823
702,799,882,821
872,791,947,826
938,794,1098,824
291,815,392,846
264,840,358,872
347,846,425,868
414,842,554,872
537,848,624,870
621,834,732,872
724,847,779,870
769,848,823,871
818,845,893,874
892,848,1059,871
286,874,440,895
432,864,605,893
599,864,647,902
639,874,743,894
746,867,802,893
782,875,866,895
864,876,960,893