
1022,890,1139,914
1133,897,1213,916
1029,913,1129,933
1123,915,1201,937
1033,927,1105,952
1099,933,1194,950
1195,934,1219,950
1037,954,1096,971
1086,951,1206,976
1035,974,1134,993
345,492,412,507
410,485,490,511
404,514,508,532
197,537,328,558
405,543,499,562
187,562,266,585
275,561,385,585
379,561,577,581
597,192,825,216
636,222,783,242
809,221,890,236
785,243,955,262
844,266,970,287
600,263,728,288
728,261,847,285
608,283,687,310
687,285,842,308
848,288,980,311
605,314,708,334
695,309,876,330
872,303,961,335
593,340,643,355
639,334,691,356
677,336,729,357
728,334,872,358
722,358,805,378
647,359,738,379
651,385,735,399
735,379,825,403
821,376,951,401
601,406,711,428
706,404,750,425
754,408,830,426
600,430,743,448
753,426,941,448
819,406,988,424
601,448,685,467
680,441,751,468
751,449,859,471
856,453,979,473
603,473,716,492
715,469,779,495
772,473,808,492
804,473,893,493
895,473,986,492
593,493,670,510
671,492,785,512
786,492,809,511
806,489,915,520
906,493,985,513
603,515,782,538
832,521,936,543
935,517,971,539
605,541,770,559
764,534,935,559
695,564,816,585
220,628,451,670
437,637,770,672
340,678,524,702
527,671,722,699
725,675,794,700
791,671,962,700
170,705,210,721
215,696,286,724
291,697,361,731
367,697,546,728
537,696,580,724
579,702,694,723
691,703,845,728
843,692,924,729
947,703,1011,722
173,728,222,751
211,726,332,756
339,726,485,750
478,735,574,755
570,737,670,748
662,733,790,753
786,729,913,755
914,734,1018,746
177,756,213,778
208,751,370,779
505,783,627,805
615,780,783,810
854,783,944,809
932,789,1014,812
162,816,268,836
254,807,342,832
337,813,441,831
432,815,610,837
609,808,674,836
670,811,759,840
749,809,913,834
903,811,1008,832
162,833,357,861
348,839,397,866
397,836,524,858
511,839,602,859
599,840,785,863
791,837,1002,864
372,867,414,885
418,858,521,891
518,862,616,890
648,865,747,892
746,863,922,891
170,897,390,915
385,888,569,913
550,891,683,915
690,889,832,916
826,898,874,918
865,893,1001,920
143,925,236,946
239,914,437,942
449,947,550,968
634,943,758,970
742,936,918,971
918,950,1011,980
155,974,302,994
386,980,466,1002
463,984,586,1003
587,980,879,1000
879,975,1012,992
610,1000,759,1028
749,1003,805,1022
794,1003,1005,1024
168,1027,250,1054
245,1025,615,1052
589,1027,676,1052
683,1025,803,1050
798,1016,1012,1049
151,1054,301,1081
289,1050,368,1080
356,1051,501,1072
490,1044,604,1076
605,1054,783,1076
769,1047,905,1080
902,1052,1015,1083
163,1083,351,1104
353,1074,669,1103
664,1084,729,1108
725,1079,945,1108
326,1106,448,1133
443,1104,549,1131
549,1103,658,1125
647,1101,819,1132
811,1106,1014,1137
163,1136,336,1154
199,1162,411,1184
406,1150,585,1183
580,1168,687,1190
670,1154,793,1184
788,1159,925,1183
925,1158,1011,1187
174,1187,362,1208
354,1190,500,1214
500,1186,638,1211
632,1188,894,1210
898,1190,998,1216
164,1213,295,1243
294,1214,359,1243
350,1212,451,1240
438,1212,601,1238
588,1211,725,1241
728,1217,940,1235
941,1214,1011,1241
146,1244,358,1267
347,1239,456,1268
440,1238,611,1265
614,1245,682,1266
685,1240,792,1268
800,1234,981,1264
174,1271,285,1293
286,1258,451,1294
468,1263,604,1291
604,1270,701,1297
689,1273,843,1290
840,1270,1009,1295
160,1293,282,1321
276,1290,447,1322
440,1294,530,1319
538,1288,577,1323
571,1300,682,1322
674,1301,812,1325
805,1302,952,1324
952,1299,1002,1320
165,1323,385,1348