
141,172,279,204
260,177,411,208
306,225,371,245
368,224,427,248
806,219,855,247
370,391,426,410
421,395,492,414
376,413,509,434
365,431,526,451
377,451,451,484
443,457,502,473
186,473,263,501
838,334,955,360
775,355,877,375
870,356,933,380
666,404,708,471
881,316,967,335
786,337,840,353
373,929,510,948
374,949,521,968
369,967,432,988
424,970,494,989
296,681,367,703
362,679,426,705
793,676,852,701
851,685,914,704
671,917,706,978
806,1003,882,1026
891,1003,957,1026
757,1017,816,1043
850,1053,907,1064
747,1138,951,1158
942,1134,1049,1159
146,1156,292,1174
278,1163,436,1178
421,1158,515,1175
516,1158,771,1175
603,1133,681,1155
255,1135,382,1154
419,1137,577,1158
983,1156,1084,1176
49,1183,86,1197
86,1178,248,1199
417,1176,638,1203
835,1181,910,1197
904,1173,965,1202
954,1178,1078,1193
51,1195,104,1222
99,1193,195,1218
188,1197,461,1217