
282,993,369,1018
361,982,450,1020
434,981,532,1015
510,986,603,1015
588,989,725,1019
718,986,809,1014
789,987,870,1017
856,991,907,1013
893,987,1022,1016
1013,979,1082,1009
287,1012,406,1041
406,1016,470,1039
452,1010,516,1044
491,1005,595,1045
579,1010,768,1045
368,1044,524,1066
528,1044,653,1069
636,1035,768,1066
750,1039,845,1067
826,1035,883,1070
864,1044,1039,1068
280,1064,411,1093
394,1065,473,1095
463,1055,508,1093
498,1070,591,1098
575,1067,757,1094
278,1099,372,1123
369,1089,529,1123
518,1092,600,1125
588,1094,647,1122
627,1094,719,1123
695,1094,828,1120
808,1086,931,1121
919,1094,1052,1123