
353,171,474,201
353,731,451,749
439,729,575,752
519,366,548,394
492,385,564,409
506,406,561,434
652,335,736,364
723,335,761,360
501,514,567,544
508,537,545,564
536,537,564,565
296,662,400,679
401,654,640,678
753,661,913,683
371,678,475,700
443,675,536,698
527,677,735,702
731,678,814,706
804,677,898,705
895,676,946,705
933,679,1082,703
430,879,473,910
427,945,470,973
429,1000,475,1029
518,856,538,877
525,918,558,939
627,931,660,949
522,979,561,1004
627,962,657,982
515,1024,541,1043
358,931,413,962
333,954,432,977
593,1144,623,1170
695,1149,727,1167
258,1187,396,1210
397,1189,474,1214
460,1192,616,1211
612,1188,722,1213
710,1195,780,1216
773,1193,811,1216
812,1191,956,1216
955,1191,1063,1212
257,1211,323,1231
326,1201,424,1234
422,1207,476,1234
475,1197,562,1234
549,1210,599,1235
584,1217,745,1234
725,1209,814,1231
804,1209,909,1234
912,1210,965,1234
946,1204,1015,1237
1020,1206,1085,1234
248,1226,348,1260
332,1224,416,1260
416,1236,565,1254
545,1228,608,1255
594,1233,666,1260