
165,565,506,660
504,563,890,661
147,630,356,731
350,658,892,735
160,746,528,811
200,915,297,940
275,914,387,950
378,904,601,937
579,906,691,934
671,910,885,951
630,951,679,970
673,937,743,959
731,939,875,957
190,968,293,988
267,959,488,992
458,969,561,995
528,966,665,992
660,958,744,993
720,954,780,991
773,962,896,992
857,957,954,993
276,992,357,1026
341,989,446,1014
433,985,514,1022
486,990,543,1012
519,988,600,1028
596,990,684,1026
671,990,748,1021
730,992,897,1029
233,1028,297,1058
291,1025,401,1055
391,1022,481,1052
461,1007,531,1039
521,1022,629,1051
594,1017,691,1060
666,1018,721,1035
697,1019,802,1058
136,1419,223,1454
271,1036,337,1073
174,847,421,879