
1048,59,1236,89
165,175,331,197
176,201,379,255
357,220,437,248
436,220,502,250
500,224,603,238
598,222,736,238
714,223,833,249
813,220,1028,236
185,231,309,271
313,235,395,278
570,238,666,268
635,255,711,265
733,238,894,260
738,234,882,265
873,236,998,274
182,257,266,294
300,262,386,294
397,262,602,292
590,271,664,294
838,266,941,298
198,294,284,318
286,296,339,312
353,283,583,312
581,292,631,315
627,290,735,316
732,292,947,312
199,312,345,337
339,320,443,339
440,316,562,340
560,313,708,336
709,312,783,342
783,317,899,337
885,316,975,338
198,343,274,360
264,336,333,361
331,341,446,361
440,335,613,365
612,336,803,363
793,338,892,362
885,339,1009,362
192,363,296,386
294,360,411,389
401,359,616,389
599,361,783,388
773,362,935,383
196,381,337,413
333,380,392,414
390,381,470,410
457,382,535,412
532,384,640,412
622,378,745,413
730,387,860,414
841,393,991,412
196,411,295,436
284,408,362,434
355,414,469,434
467,407,634,433
624,406,760,436
744,410,834,436
823,414,983,435
199,436,263,459
253,427,480,457
475,432,567,461
550,427,621,461
605,429,741,457
739,429,870,459
199,453,253,484
240,450,376,482
367,446,437,482
431,448,568,481
565,453,745,483
730,459,808,486
805,453,892,485
196,479,300,503
302,479,426,508
413,471,518,507
511,480,654,509
644,481,725,506
721,481,939,507
199,513,372,530
942,487,969,505
283,509,377,532
174,1041,408,1082