
150,350,289,376
287,360,328,375
324,359,429,377
420,355,693,377
330,398,379,420
377,395,409,428
805,398,866,424
568,816,617,842
193,598,290,628
305,523,390,579
119,586,152,612
123,611,148,642
52,1238,236,1264
233,1241,351,1263
337,1236,478,1265
467,1246,590,1265
580,1236,708,1264
700,1234,824,1263
818,1242,882,1265
885,1247,930,1262
925,1241,1074,1263
56,1267,142,1287
362,1263,413,1285
409,1268,548,1286
542,1265,586,1282
574,1265,630,1286
625,1257,775,1282
770,1262,844,1287
911,1263,945,1285
1041,1264,1097,1285
56,1289,86,1307
78,1276,131,1303
117,1281,185,1306
343,1285,399,1308
388,1287,542,1307
533,1285,615,1307
678,1282,706,1307
716,1284,809,1307
876,1288,969,1309
48,1301,207,1328
195,1305,274,1328
265,1305,452,1325
441,1306,526,1327
514,1304,583,1328
571,1302,672,1328
665,1304,811,1330
814,1307,881,1330