
279,177,325,203
328,162,460,199
572,221,735,240
272,376,374,406
357,313,395,335
369,441,397,477
504,238,548,256
762,242,799,261
418,270,527,288
674,272,761,291
419,401,563,414
670,401,766,423
420,402,568,423
433,314,522,332
438,334,502,349
439,353,516,375
514,358,581,372
685,313,794,329
687,335,750,355
681,357,784,368
780,348,852,371
430,435,559,460
438,463,559,478
436,479,515,500
516,482,543,503
545,483,618,506
690,443,814,460
686,466,765,483
691,478,788,506
783,486,817,506
809,483,884,501
1034,765,1194,786
1026,789,1137,802
1144,785,1196,805
1038,808,1129,822
1127,807,1164,818
1160,801,1192,828
1033,820,1121,841
1028,885,1075,899
1070,881,1128,898
1031,901,1144,917
1034,917,1114,939
1118,907,1148,934
1146,904,1171,938
1171,918,1206,941
1037,940,1150,963
390,548,523,564
517,552,633,570
627,543,750,576
778,549,875,569
880,543,977,572
236,572,363,586
365,556,484,588
488,564,562,592
681,571,734,589
799,569,952,587
156,591,309,607
302,586,574,609
203,653,304,676
296,649,452,676
445,648,615,681
609,649,750,677
746,646,836,674
827,653,990,679
196,676,256,703
255,683,442,704
434,674,545,706
541,676,579,706
572,688,645,705
635,679,742,704
742,675,836,706
824,679,988,704
198,705,263,726
261,694,451,733
443,702,552,729
542,699,729,733
725,707,834,733
828,707,898,733
895,708,997,730
197,737,327,758
198,759,383,781
422,764,490,782
490,752,608,786
604,758,644,782
643,750,686,786
681,765,785,788
781,748,906,786
913,754,1000,788
193,788,260,810
255,780,482,812
478,780,533,812
526,782,706,809
739,783,917,813
920,786,982,814
201,810,304,838
381,813,425,846
525,817,693,838
693,812,742,838
737,814,815,841
824,818,1008,840
204,841,291,868
290,832,421,862
425,830,552,866
548,832,725,868
200,868,310,893
329,869,438,892
427,858,499,888
491,864,687,888
672,869,803,891
797,861,885,895
882,868,1009,900
193,892,335,923
331,897,447,923
443,890,584,920
564,884,631,922
613,892,797,921
784,896,933,917
930,894,1000,923
192,915,441,949
426,911,474,947
612,919,650,945
653,921,832,949
842,918,1003,944
200,951,369,972
360,937,521,976
518,950,872,972
861,946,960,973
206,974,264,1003
264,964,559,1002
537,965,689,1002
679,969,806,1001
799,983,853,1000
832,979,953,1001
199,997,275,1031
274,1003,416,1026
413,993,510,1027
510,1002,693,1027
689,992,770,1028
270,1030,376,1058
613,1030,713,1060
706,1014,889,1056
880,1063,1013,1090
171,1088,385,1110
385,1080,596,1114
286,1117,364,1143
363,1114,550,1142
536,1124,721,1143
710,1121,826,1142
835,1114,933,1143
932,1117,1006,1144
154,1148,452,1171
457,1139,501,1172
490,1132,639,1174
630,1141,745,1172
739,1148,843,1170
849,1145,1018,1164
157,1168,273,1196
265,1157,359,1200
361,1164,445,1192
427,1164,514,1197
506,1164,591,1194
590,1164,783,1197
780,1168,914,1200
901,1161,1002,1198
178,1199,418,1222
426,1184,470,1224
474,1190,532,1226
521,1189,622,1222
612,1188,822,1220
826,1196,1004,1223
164,1219,249,1246
244,1226,333,1252
331,1215,494,1254
488,1214,613,1252
596,1220,837,1249
345,1254,589,1281
592,1247,724,1279
731,1251,870,1277
862,1253,1020,1272
168,1279,248,1302
250,1276,377,1302
376,1278,501,1306
496,1280,545,1302
535,1281,714,1300
629,1300,790,1330
789,1302,897,1326
897,1303,1011,1328
574,1331,741,1354
730,1330,809,1358
791,1327,1008,1360
165,1363,367,1381
361,1361,384,1380
387,1355,490,1383
490,1357,558,1385
554,1353,635,1381
626,1350,745,1388
818,1360,891,1388
890,1357,1009,1383