
196,416,386,484
392,431,569,477
543,440,746,477
723,431,904,473
1027,317,1076,348
1073,326,1155,364
1139,331,1198,363
1027,344,1119,372
1025,367,1154,397
1139,369,1226,397
1027,371,1218,411
1028,403,1120,427
1100,404,1218,420
1033,413,1109,444
1109,404,1206,433
1100,411,1220,447
1015,439,1150,479
295,843,478,884
459,840,727,884
706,843,818,882
793,846,917,880
182,862,344,912
300,913,630,950
588,912,818,951
758,916,1033,953
177,936,263,972
196,964,371,1002
339,970,463,995
423,963,598,990
569,956,626,993
591,960,964,997
316,988,407,1028
401,995,615,1030
608,985,768,1029
753,987,821,1027
795,991,990,1028
189,1020,337,1062
316,1019,460,1053
429,1015,546,1048
532,1023,651,1062
608,1026,856,1063
823,1017,1032,1063
194,1048,277,1086
268,1042,481,1073