
169,135,333,198
214,199,324,234
350,202,487,236
476,214,603,234
577,229,766,236
752,207,881,241
880,205,984,244
977,209,1010,243
186,230,346,265
342,235,418,265
396,232,585,263
575,233,627,263
623,233,778,265
758,233,844,269
825,234,952,269
189,263,298,290
281,263,375,296
364,247,548,287
543,261,813,290
810,267,882,294
851,253,945,295
924,265,1004,299
195,283,245,304
229,293,302,305
284,276,451,309
448,284,582,312
213,307,312,335
323,304,471,332
463,301,593,333
578,303,742,336
730,301,858,337
843,303,986,339
459,341,521,367
516,338,693,363
460,341,532,365
858,338,930,358
341,363,415,386
269,364,343,384
190,363,274,387
519,364,619,382
607,356,742,380
740,360,884,381
884,356,954,383
191,381,307,408
291,375,464,413
454,390,646,406
641,375,721,409
714,384,782,407
774,388,838,407
197,411,254,431
247,406,387,429
372,409,439,436
434,398,510,428
506,412,574,434
570,396,704,434
699,411,778,435
775,406,873,434
868,409,917,434
906,412,1000,427
197,429,274,455
269,426,336,457
325,429,399,457
381,432,585,455
193,453,334,478
333,439,412,480
401,451,467,481
462,451,543,483
523,447,622,477
620,456,745,480
744,453,789,483
854,449,967,477
187,480,261,503
778,463,859,482
250,473,403,504
392,475,482,505
474,473,660,505
652,476,720,508
713,477,827,507
815,478,903,504
897,480,940,503
936,477,1000,504
197,498,265,529
252,498,323,529
319,497,403,527
402,506,526,527
517,504,579,530
571,512,616,529
616,503,673,526
666,507,721,525
717,502,850,523
849,497,1008,526
195,532,229,552
235,527,299,552
289,523,415,549
414,530,545,552
542,525,714,549
711,513,794,551
774,524,852,552
848,521,945,556
943,518,1010,553
192,554,221,573
215,552,281,574
191,567,386,601
381,572,487,602
481,576,672,598
665,578,733,598
728,580,770,598
764,578,846,598
843,577,1010,597
198,601,260,625
262,597,353,622
340,591,501,624
496,598,591,623
588,598,666,619
659,597,859,622
847,594,1010,623
196,613,304,651
298,624,335,646
328,604,360,647
356,616,437,645
431,621,542,645
542,623,612,645
600,625,632,645
630,620,679,643
188,644,257,671
231,640,381,671
378,633,453,670
449,650,616,671
612,646,917,669
914,652,962,670
225,671,306,693
302,673,412,694
406,673,485,695
472,677,549,694
537,677,673,694
168,770,237,797
168,790,272,819
233,775,300,795
294,796,337,818
454,779,541,796
558,770,599,789
449,799,527,819
539,800,577,821
737,773,854,792
880,774,912,793
165,837,487,877
188,885,370,914
361,888,490,912
531,894,657,916
252,916,333,936
327,912,498,937
506,912,634,938
632,917,769,938
758,913,977,940
196,938,510,964
493,936,720,960
710,927,863,959
853,933,1007,961
193,963,270,983
257,961,419,986
197,986,691,1011
194,1002,385,1032
378,1011,465,1032
457,1004,576,1031
565,1006,638,1031
793,1005,864,1034
194,1034,286,1055
272,1021,428,1057
406,1023,560,1055
549,1032,628,1054
613,1033,697,1059
686,1031,882,1057
868,1032,938,1054
935,1026,978,1062
976,1023,1011,1057
195,1060,323,1080
183,1082,348,1107
333,1073,567,1104
544,1073,723,1105
713,1081,793,1105
780,1082,834,1106
824,1083,896,1106
887,1080,1003,1106
197,1106,268,1125
196,1125,307,1152
295,1125,389,1154
383,1128,565,1149
556,1130,688,1152
683,1119,764,1147
744,1115,865,1156
842,1119,983,1149
974,1139,1008,1150
186,1152,294,1179
285,1146,340,1175
333,1153,513,1176
169,1205,404,1240
183,1255,725,1391