
237,160,370,189
354,164,443,187
431,162,628,192
622,162,715,190
706,155,934,189
796,192,1008,214
232,210,406,236
410,220,553,235
209,236,471,263
462,231,537,266
529,228,783,263
774,236,865,262
854,231,1017,260
201,264,270,285
268,247,512,289
233,277,438,315
431,277,502,312
608,292,731,315
721,282,919,314
952,289,1011,309
243,308,297,336
286,320,477,331
471,307,731,332
724,311,786,335
825,304,995,335
244,336,305,352
238,360,369,384
363,348,497,380
493,339,669,382
665,350,925,378
238,382,344,404
847,356,922,380
340,382,392,406
393,377,573,404
565,376,699,402
688,369,878,404
869,377,1000,407
244,406,325,429
318,394,449,432
440,403,526,430
516,399,654,432
648,409,727,429
210,429,453,453
447,422,632,454
632,422,765,454
760,426,876,454
220,447,409,477
403,451,463,475
460,448,599,474
592,453,766,479
764,449,986,477
235,469,409,500
411,473,491,500
486,475,644,501
241,500,428,524
417,493,528,527
521,503,632,528
628,501,792,525
784,497,903,524
895,496,979,524
241,522,471,551
459,520,523,548
389,520,529,552
518,522,604,546
590,520,780,546
760,511,918,547
230,552,344,570
238,568,433,597
426,572,528,598
523,571,662,597
657,563,682,593
679,569,764,593
751,568,888,593
888,573,996,594
220,588,470,620
458,593,684,618
681,593,745,623
745,597,826,620
821,593,917,626
915,592,1003,617
230,624,401,642
204,637,398,662
395,633,437,666
425,640,670,669
664,635,804,665
807,641,849,668
838,641,1015,669
199,661,317,690
306,655,582,689
575,670,666,689
668,666,849,687
844,665,1007,691
204,690,260,718
260,679,358,710
351,678,438,716
433,688,479,712
466,689,523,716
516,690,623,714
617,687,891,719
879,690,951,712
953,690,1015,710
202,716,292,739
285,712,326,741
329,710,369,736
444,711,471,741
473,720,542,738
229,742,449,760
434,730,731,764
725,722,865,763
863,726,1002,760
232,767,505,786
508,758,726,786
725,755,817,788
799,755,848,789
842,758,1008,784
234,789,368,809
237,809,465,835
455,806,602,836
599,812,733,830
728,803,1004,831
238,836,326,856
320,837,569,856
559,825,764,858
761,835,1007,859
235,857,348,885
347,855,461,883
450,860,543,882
532,857,706,882
699,863,881,881
868,860,916,885
911,867,989,886
234,883,462,907
233,903,320,928
318,907,534,927
525,901,606,932
605,904,766,930
761,905,995,925
235,924,294,954
287,928,584,955
569,928,809,953
804,916,990,959
233,954,269,978
263,957,325,975
322,956,489,975
490,950,674,975
669,948,757,974
203,979,312,1000
305,974,411,1000
396,967,472,1003
456,977,649,1003
638,973,834,1002
831,985,1004,998
202,996,287,1026
276,999,435,1022
425,1003,516,1027
505,1004,697,1025
686,1007,811,1026
810,1005,831,1025
828,999,1013,1028
212,1026,400,1050
393,1023,566,1047
557,1022,729,1050
724,1018,880,1052
873,1037,1008,1048
206,1055,286,1073
240,1075,354,1097
346,1065,510,1097
497,1065,609,1094
601,1074,931,1097
920,1066,989,1092
235,1095,339,1123
337,1092,482,1122
241,1123,417,1144
413,1112,494,1144
497,1114,700,1144
701,1123,954,1144
234,1144,316,1165
209,1175,461,1193
465,1161,551,1191
554,1157,604,1194
597,1164,756,1193
743,1168,1004,1195
237,1187,388,1213
386,1184,554,1214
552,1192,630,1216
626,1184,761,1213
760,1186,854,1214
849,1199,877,1218
877,1198,980,1216
235,1216,323,1242
324,1214,459,1241
458,1214,608,1240
237,1240,482,1265
483,1228,570,1263
556,1241,672,1268
663,1242,914,1262
912,1237,979,1262
237,1266,284,1284
281,1257,377,1288
370,1262,468,1289
461,1252,569,1288
570,1269,749,1289
207,1284,667,1311
666,1291,1008,1315
205,1315,482,1335
477,1309,693,1333
694,1302,971,1344
198,1330,311,1362
305,1324,370,1359
365,1336,568,1361
560,1331,657,1359
657,1321,1013,1359