
289,162,536,215
281,207,677,328
277,329,1093,478
282,473,1089,644
257,645,676,681
290,692,361,715
357,697,526,718
510,694,568,723
563,692,605,721
603,695,650,719
630,690,808,720
801,693,862,718
323,719,401,747
393,720,589,740
326,746,351,771
343,744,574,770
560,745,662,769
657,744,700,769
694,742,809,769
785,735,980,769
971,739,1080,767
325,753,354,788
346,769,538,790
517,763,626,794
594,763,732,796
724,764,997,791
294,794,585,816
570,786,783,817
774,789,926,810
921,789,1099,816
300,815,488,842
481,818,639,846
623,810,790,840
765,809,923,841
913,813,982,841
961,808,1097,840
294,842,515,864
293,856,384,889
366,864,510,890
502,855,621,885
608,856,667,886
653,853,808,886
804,862,957,886
942,858,1098,888
299,886,424,918
419,879,570,910
563,884,720,910
703,880,858,914
848,879,904,913
902,883,1095,910
293,909,436,936
292,928,635,962
607,927,1036,962
303,983,634,1141
330,1166,518,1188
485,1146,774,1194
775,1164,863,1186
846,1161,989,1193
972,1168,1076,1189
325,1198,383,1212
323,1212,376,1240
360,1213,459,1235
452,1214,605,1233
595,1208,638,1240
623,1216,723,1243
710,1207,796,1238
769,1209,903,1238
901,1206,1007,1238
1007,1216,1097,1238
324,1236,392,1261
374,1235,457,1264
441,1234,555,1263
535,1235,675,1264
667,1230,730,1263
708,1226,782,1260
758,1227,930,1263
907,1235,1058,1262
331,1258,352,1293
338,1263,483,1285
469,1255,514,1291
506,1252,597,1282
584,1261,763,1285
753,1251,837,1289
829,1259,917,1287
913,1262,1070,1284
322,1288,392,1306
392,1284,466,1310
466,1281,568,1307
552,1283,787,1309