
265,1002,538,1030
526,988,744,1039
718,997,1112,1034
253,1018,480,1061
239,416,485,472
460,425,739,472
832,469,961,511
926,479,1030,509
1014,471,1138,515
264,500,378,529
339,498,501,540
492,503,635,532
620,497,820,523
802,507,1030,532
264,530,347,557
500,523,652,563
777,528,1034,564
942,538,1075,558
780,532,965,555
255,557,330,579
662,531,794,557
464,550,560,587
840,556,911,592
526,583,669,621
333,569,552,619
621,607,815,643
784,609,972,639
947,615,1128,633
263,645,336,660
327,623,522,660
513,632,777,667
627,628,783,666
505,638,645,669
739,638,943,664
929,633,996,669
962,630,1038,664
1009,632,1121,672
926,662,1118,704
258,694,340,725
323,700,502,722
495,691,620,730
604,694,736,723
739,692,975,734
984,689,1100,734
267,715,411,757
412,720,564,754
544,712,680,742
669,730,783,744
748,728,1048,755
541,739,743,770
707,764,862,782
851,741,967,773
934,743,1118,783
266,768,484,800
460,776,561,807
559,769,670,804
641,769,865,808
839,773,971,803
932,772,1064,806
1029,773,1127,807
268,789,361,836
335,790,489,831
485,802,554,839
523,807,706,826
680,789,894,820
863,801,1111,837
261,817,368,851
341,827,503,864
485,829,632,847
611,822,878,853
856,836,972,857
957,820,1040,858
1027,839,1084,857
262,840,412,883
394,863,488,878
462,852,589,881
558,852,779,884
737,866,935,884
912,863,1048,886
1001,844,1117,884
254,863,423,913
406,873,634,915