
213,265,545,427
201,174,427,197
424,161,1017,192
208,195,295,217
277,177,607,220
595,188,663,217
648,189,824,217
818,183,960,217
201,215,290,242
276,219,365,238
346,200,533,238
417,454,490,470
473,443,684,474
675,437,768,473
745,434,876,474
863,448,967,473
238,473,304,497
238,495,362,521
336,478,508,521
507,492,543,523
529,493,781,520
770,497,855,520
839,491,935,519
914,487,973,524
234,521,296,548
272,511,435,543
424,505,482,550
466,519,528,543
512,522,557,546
543,508,702,545
691,512,750,543
745,494,955,548
273,547,343,572
235,567,333,594
333,566,403,592
389,569,428,594
423,566,473,591
456,571,663,589
650,565,732,593
875,573,961,594
238,594,309,615
296,598,389,617
596,589,673,619
370,588,428,613
199,616,449,638
430,610,627,641
609,619,735,638
721,616,770,644
758,608,819,641
814,612,1024,637
199,644,273,659
236,664,278,690
264,660,471,688
508,666,714,690
697,656,774,687
758,656,951,686
225,683,405,710
384,682,503,713
493,693,530,711
523,684,559,713
549,682,621,711
611,676,808,711
786,681,865,716
848,683,957,715
239,708,313,738
299,710,452,737
320,739,476,760
459,731,608,760
595,732,755,761
745,731,921,759
228,761,386,785
372,766,757,782
735,750,937,787
932,755,984,784
236,789,315,804
239,805,387,830
372,808,801,836
786,806,981,831
243,835,362,851
199,852,392,878
387,846,523,878
500,849,719,876
702,855,889,880
873,852,1009,883
196,875,465,903
231,899,297,933
285,896,529,923
520,892,604,931
588,892,706,930
691,893,848,925
842,902,895,931
878,899,1008,924
239,927,279,950
262,921,548,952
377,945,568,971
553,940,720,975
704,944,901,973
239,974,318,999
294,968,431,994
412,969,551,999
536,966,676,997
656,969,873,997
871,970,930,1000
236,998,385,1020
390,990,489,1026
473,986,596,1023
583,986,720,1028
287,1027,430,1047
416,1015,742,1048
711,1005,850,1059
404,1053,466,1087
451,1046,503,1085
492,1051,569,1084
561,1050,603,1084
597,1055,660,1088
653,1055,693,1086
693,1054,742,1088
743,1048,780,1082
315,1092,534,1120
521,1094,742,1125
411,1126,478,1161
474,1128,512,1157
504,1132,580,1158
568,1130,611,1161
613,1123,683,1154
677,1122,712,1159
701,1126,773,1156
780,1125,803,1156
229,1164,406,1188
384,1164,492,1192
486,1165,622,1187
599,1163,716,1187
708,1157,833,1191
836,1160,1015,1185
205,1189,353,1211
336,1168,513,1211
493,1188,646,1213
631,1187,677,1215
652,1184,1004,1219
202,1203,253,1237
235,1210,393,1238
378,1205,552,1236
535,1203,669,1236
196,1234,333,1265
318,1236,545,1263
523,1230,637,1264
627,1241,743,1265
726,1227,1009,1256
205,1256,325,1288
327,1250,572,1281
563,1251,691,1285
678,1259,738,1284
725,1262,776,1286
754,1259,889,1282
871,1258,1006,1289
208,1277,296,1307
288,1280,383,1306
369,1268,420,1310
396,1282,533,1307
521,1281,713,1307
697,1281,783,1309
765,1282,955,1310
209,1306,303,1333
295,1303,440,1330
418,1301,601,1338
588,1303,643,1333
631,1298,815,1331
790,1299,883,1336
872,1302,941,1333
935,1306,1014,1330
207,1325,480,1359
459,1330,591,1360
577,1321,784,1352
784,1336,872,1361