
275,439,325,474
324,439,487,474
470,440,546,471
534,453,698,470
432,499,487,528
466,499,596,528
942,496,983,519
983,493,1047,533
1039,499,1158,521
883,650,1019,673
250,516,322,562
588,839,674,869
619,871,698,890
597,600,683,632
611,621,683,664
577,808,655,837
416,836,537,870
411,868,541,895
211,701,315,735
236,734,298,769
712,647,802,679
724,683,786,705
883,631,953,666
931,632,1017,667
859,839,945,870
848,870,950,898
957,839,1047,870
962,871,1050,899
785,677,1089,729
348,616,418,731
511,634,572,732
451,715,500,769
163,1008,594,1050
181,1070,369,1102