
331,170,388,193
384,149,536,196
515,164,669,195
663,165,850,190
843,161,997,196
992,164,1035,191
329,185,456,217
435,184,601,219
579,189,883,220
869,186,1070,217
322,216,428,244
411,212,527,241
510,217,667,242
654,217,785,245
763,215,831,238
325,234,484,266
466,236,555,265
537,236,747,262
735,236,857,268
844,243,951,268
922,231,1024,268
1014,238,1089,267
320,264,426,288
410,252,514,292
495,262,664,290
647,255,768,294
757,253,849,292
846,259,895,291
882,260,1049,288
313,279,681,315
666,285,1015,313
1006,293,1100,313
313,315,454,339
444,307,512,336
321,332,479,361
459,323,795,364
766,333,1044,366
1035,338,1113,364
323,360,447,388
437,351,486,388
467,351,782,387
775,347,885,381
325,375,434,410
429,377,508,405
495,370,794,409
287,405,401,431
395,409,564,435
549,406,677,426
656,392,955,432
338,434,459,456
442,427,622,458
605,428,697,457
674,420,796,452
784,421,922,458
909,432,1098,455
315,452,368,479
362,447,529,480
326,478,505,502
489,483,921,501
905,468,1097,500
324,504,447,527
429,492,594,525
599,493,784,531
765,497,1085,526
324,522,477,552
467,528,670,544
657,523,784,554
786,532,869,553
848,518,1098,551
328,548,409,575
394,548,588,572
570,544,910,577
902,542,1054,578
1042,555,1094,581
312,572,424,594
422,564,518,594
510,563,726,599
711,573,1049,601
1039,567,1102,599
324,587,477,623
460,591,778,623