
253,235,584,267
278,312,545,335
549,315,634,333
282,345,357,354
359,335,621,360
434,360,505,383
497,361,575,390
608,361,682,382
291,388,412,405
408,383,546,406
541,389,658,407
281,402,426,434
459,404,529,432
303,429,443,451
449,434,561,451
557,434,653,448
282,453,619,474
466,478,531,493
523,472,680,494
287,499,416,515
406,500,655,517
294,519,333,537
324,517,379,540
365,514,403,542
400,522,479,542
485,521,534,545
601,517,673,541
278,546,621,564
324,889,616,909
406,910,528,925
322,953,528,973
512,950,617,972
618,951,658,972
282,980,418,992
476,979,652,995
282,996,363,1019
367,994,463,1018
451,1004,554,1018
555,999,636,1020
283,1023,363,1042
366,1021,519,1037
521,1022,626,1037
277,1046,518,1062
517,1042,627,1063
300,1067,442,1087
452,1062,593,1092
288,1085,571,1111
578,1088,638,1106
280,1111,434,1132
433,1112,536,1132
528,1115,617,1135
290,1138,353,1154
353,1129,612,1156
621,1134,661,1161
275,1157,382,1177
333,1204,439,1223
438,1203,546,1229
285,1225,360,1246
358,1223,528,1244
528,1233,675,1255
275,1249,335,1263
324,1245,577,1268
567,1252,596,1270
592,1254,677,1273
279,1265,372,1287
287,1293,375,1317
375,1289,480,1320
856,318,941,333
929,311,1047,334
666,333,741,355
747,337,774,351
801,339,899,355
794,362,906,387
890,363,1072,380
677,381,871,405
876,386,954,405
956,385,1062,406
687,408,783,427
770,403,861,428
857,404,1070,421
684,432,767,452
755,424,844,453
836,430,965,454
951,434,1048,451
816,456,850,472
843,447,954,474
942,453,1073,475
690,474,749,493
747,477,790,496
777,478,842,496
932,476,1046,493
692,504,774,517
774,498,854,519
843,493,915,517
915,503,936,517
937,492,1088,517
686,521,757,544
764,524,830,542
825,524,921,545
948,525,1023,537
687,547,779,567
763,541,921,565
913,552,1053,571
683,568,730,577
735,559,977,585
686,566,732,586
721,592,1045,606
686,610,804,632
792,607,906,631
905,604,1067,631
674,629,1036,653
1035,629,1071,649
683,657,767,678
772,656,936,677
936,657,1005,679
989,660,1069,683
685,685,964,700
959,681,1074,702
685,705,909,724
901,695,985,726
978,705,1070,727
683,731,761,750
747,724,946,750
938,722,1077,748
734,748,798,768
925,750,1064,771
687,776,799,795
792,772,1033,793
1033,781,1066,790
687,800,771,812
713,809,850,838
848,803,995,838
992,808,1078,840
682,841,779,860
777,828,896,863
872,835,1065,861
682,869,725,887
727,860,764,887
762,847,866,892
856,866,1042,886
685,890,792,911
792,877,908,907
903,881,968,907
961,887,1069,909
666,913,796,929
792,907,1069,923
686,930,766,955
773,927,980,950
975,937,1076,951
675,957,761,979
760,952,941,972
939,937,1011,974
996,952,1084,978
691,981,847,997
840,977,963,999
953,972,1047,1003
684,1000,786,1019
782,1003,828,1026
827,999,997,1025
1005,1005,1057,1025
692,1022,782,1046
785,1028,860,1045
845,1025,1049,1044
686,1042,798,1065
794,1045,986,1065
980,1045,1031,1058
699,1069,838,1089
838,1065,1020,1093
689,1090,804,1116
804,1086,1006,1113
996,1089,1081,1113
683,1113,785,1134
714,1136,1074,1151
726,1161,819,1181
814,1154,969,1178
975,1165,1058,1179
686,1185,723,1200
728,1182,945,1199
941,1176,964,1204
962,1178,1071,1202
688,1205,747,1226
728,1205,918,1222
909,1202,1045,1224
693,1227,798,1248
793,1225,853,1253
847,1230,958,1248
963,1229,989,1246
982,1223,1057,1251
676,1244,808,1272
800,1249,922,1269
921,1247,1058,1271
686,1272,821,1295
870,1277,1007,1292