
301,166,806,193
784,161,904,191
885,161,1096,194
296,195,420,217
409,179,495,217
481,190,669,216
662,192,797,217
786,184,932,213
926,182,1026,220
1014,198,1106,217
289,210,363,245
362,214,488,240
487,206,612,237
604,209,689,239
686,216,816,242
810,217,863,240
858,205,944,236
295,236,570,267
567,231,770,267
323,268,410,289
400,257,601,288
588,264,743,290
725,262,858,292
850,259,1014,292
1012,268,1078,290
321,283,495,311
469,278,538,315
524,287,597,317
584,293,633,316
607,287,670,315
645,284,875,315
865,287,1020,315
334,313,433,338
413,309,543,337
529,308,652,339
635,311,680,332
688,311,904,333
321,333,456,359
443,335,553,361
544,340,640,364
637,337,677,358
669,326,730,361
727,331,841,360
832,334,911,357
899,331,1048,363
329,354,414,385
418,362,456,381
447,355,516,386
511,353,586,391
321,387,407,408
394,379,524,412
509,388,618,405
607,385,651,408
652,377,710,409
696,384,825,407
812,383,885,407
878,384,1031,407
323,411,424,434
421,406,470,433
461,408,533,433
518,410,679,434
671,400,915,433
913,400,1063,430
321,431,406,458
404,429,455,455
440,430,504,460
492,433,645,453
635,429,688,455
681,428,758,456
298,448,404,480
401,452,695,478
689,454,823,473
813,451,896,479
899,452,984,482
979,451,1108,481
299,477,371,506
355,477,507,501
486,466,552,507
540,469,655,505
647,483,695,502
690,479,733,501
725,475,802,506
802,472,882,504
867,480,961,506
960,478,1014,506
998,479,1080,509
294,509,396,531
319,523,408,553
397,521,549,550
539,526,653,552
643,524,967,549
968,524,1095,551
328,552,453,574
442,548,488,568
486,556,754,576
330,570,546,598
529,574,656,597
646,567,797,597
799,576,949,602
942,570,1053,603
330,600,405,624
401,602,437,622
424,596,545,622
534,584,644,623
627,592,680,622
667,594,724,626
713,603,864,629
324,614,433,646
430,625,522,648
509,613,696,648
688,622,741,648
725,623,917,646
429,649,523,673
510,637,660,671
659,634,881,672
337,668,477,691
462,665,765,693
758,667,847,691
838,667,957,697
951,668,1085,693
310,684,486,720
469,694,529,718
515,692,653,720
640,693,719,716
725,694,902,719
887,687,997,720
994,690,1052,715
1041,687,1101,719
325,714,396,744
378,712,605,741
300,737,360,764
345,733,464,766
457,741,658,765
637,739,733,765
711,732,815,769
794,738,923,768
922,742,1031,764
1023,743,1105,767
294,756,401,791
394,756,557,789
543,762,691,790
685,757,724,789
714,755,837,796
827,768,921,785
916,762,1107,792
291,781,416,817
411,784,592,816
580,780,666,815
644,789,768,811
757,785,921,816
905,789,1029,814
1023,784,1100,814
298,816,430,840
1000,361,1113,1195
991,357,1097,371
991,364,997,368
999,356,1001,361
758,368,760,370