
256,491,657,527
646,505,800,532
387,283,521,306
554,284,628,304
619,281,749,310
739,277,775,308
768,281,989,310
977,273,1098,307
255,303,326,334
316,307,368,335
351,311,431,337
427,298,549,334
545,302,694,332
676,309,866,338
862,307,964,334
953,305,1036,340
1023,304,1102,335
259,338,341,361
321,327,451,361
435,335,483,362
473,338,568,361
564,336,621,360
609,331,782,366
782,334,839,359
826,330,893,361
880,339,1008,356
1002,333,1100,362
255,362,348,383
338,355,448,386
433,362,541,387
538,365,689,388
681,354,767,390
746,356,867,392
860,360,945,391
934,357,1023,389
1002,362,1104,388
263,394,372,414
350,382,450,414
433,392,630,413
616,382,719,415
716,389,788,417
775,382,827,413
820,392,875,417
864,382,993,414
961,387,1083,414
264,414,422,443
409,413,537,437
536,405,769,442
760,416,948,442
934,415,982,442
978,409,1099,444
253,447,420,469
408,432,557,473
550,440,592,473
587,440,735,471
725,441,789,466
784,438,1002,471
258,542,375,564
360,540,526,565
516,537,601,570
588,537,750,565
737,539,844,567
831,542,954,567
935,544,1098,569
264,569,346,592
346,563,387,593
380,568,541,596
992,569,1098,592
259,594,329,624
319,593,403,617
403,584,484,618
478,587,567,620
556,595,635,623
627,597,702,619
700,598,741,626
738,594,821,622
820,595,927,624
920,596,987,620
985,592,1099,622
258,621,331,650
331,620,397,650
390,622,484,648
478,615,562,650
553,619,628,651
618,612,668,649
664,622,724,646
722,624,809,649
814,627,921,649
920,618,986,651
978,621,1101,648
263,649,356,679
354,649,393,675
382,642,501,676
492,649,577,674
572,646,702,675
613,652,700,680
697,645,824,678
817,650,1000,674
999,647,1063,673
1054,651,1097,672
258,675,360,705
354,677,427,702
457,766,511,794
874,1145,958,1174
853,785,914,819
835,1079,916,1105
818,908,902,936
819,933,881,960
415,864,454,892
447,868,506,888
449,893,505,911
409,922,451,952
444,931,507,947
447,948,502,967
452,986,505,1006
473,1004,500,1031
647,1168,712,1206
647,1145,714,1168
718,1166,781,1212
580,843,755,1021
749,887,767,1014
762,923,822,956
260,1225,352,1252
343,1223,419,1254
411,1226,483,1254
484,1223,568,1253
558,1225,772,1251
769,1229,802,1256
806,1230,1047,1251
253,1244,334,1273
324,1247,545,1275
535,1254,574,1273
576,1249,636,1268
639,1251,873,1272
869,1251,997,1276
996,1251,1098,1272
261,1269,436,1291
431,1271,566,1294
548,1272,762,1295
762,1270,938,1295