
165,385,410,556
176,572,734,656
722,554,929,661
142,645,1012,719
351,828,520,856
520,828,646,859
639,830,682,863
680,821,864,861
272,858,324,888
314,858,470,888
459,842,504,888
494,845,606,888
600,857,740,888
200,888,285,915
270,888,392,911
387,890,482,912
480,872,608,915
588,873,759,912
198,908,274,943
267,898,508,940
530,923,652,940
643,898,719,941
717,904,817,937
816,907,850,945
852,914,930,944
191,938,327,965
332,930,392,963
388,933,497,967
494,929,670,971
674,941,767,967
192,967,274,990
277,960,392,988
383,967,484,994
474,951,662,996
656,969,813,993