
253,182,440,210
288,240,375,258
402,236,556,261
523,297,662,318
289,315,499,340
497,319,641,336
274,343,456,366
498,343,597,364
588,334,675,364
275,365,459,383
461,365,537,387
517,364,627,388
279,387,388,407
381,383,492,408
490,387,635,405
630,390,689,414
276,410,495,426
512,409,678,425
276,434,349,453
349,430,433,452
436,432,572,452
567,432,677,453
287,456,423,473
422,457,533,475
533,450,662,472
287,479,318,495
322,474,534,498
544,479,584,495
580,480,677,500
287,500,407,520
392,493,496,525
501,498,615,517
294,518,441,547
426,525,513,548
498,523,614,542
286,548,377,570
391,550,453,565
450,553,530,568
529,544,655,572
284,570,406,589
398,570,482,592
304,588,415,614
401,588,608,610
607,588,651,617
298,607,370,640
360,591,612,629
284,638,438,655
439,637,548,661
542,626,601,658
584,627,649,653
296,653,349,687
337,656,516,684
523,657,670,676
287,682,372,708
362,675,503,706
496,684,619,702
609,679,666,704
288,702,383,722
379,700,482,731
473,706,676,721
286,728,423,747
414,731,488,750
485,727,579,746
574,726,648,750
293,752,363,773
351,752,508,773
484,742,674,770
289,773,453,801
458,766,553,797
542,776,660,792
284,794,428,814
421,791,490,812
476,791,624,821
287,821,367,841
399,820,505,842
496,822,579,839
365,821,407,838
310,836,496,863
487,840,675,866
294,863,419,884
412,867,459,884
456,867,579,887
567,866,664,883
278,885,468,907
453,888,589,907
588,887,668,908
286,908,368,932
364,907,409,929
404,907,449,933
441,914,485,934
477,920,608,937
283,928,375,954
360,935,399,953
397,941,489,957
487,930,579,959
579,936,655,960
290,961,383,978
381,949,428,977
428,953,484,981
481,948,555,980
550,956,636,981
284,975,361,1006
352,986,382,1001
381,985,459,1003
315,1004,379,1021
377,1001,452,1024
452,1008,627,1028
285,1028,396,1052
400,1026,547,1046
536,1031,608,1045
290,1057,353,1070
346,1046,499,1066
499,1046,559,1076
292,1065,386,1093
424,1069,565,1091
289,1092,465,1113
470,1094,548,1110
543,1096,671,1115
280,1116,440,1139
438,1105,656,1141
680,290,762,321
745,277,899,316
886,282,1072,317
685,320,769,336
761,311,883,335
877,319,1023,340
692,338,770,361
778,330,929,360
924,343,1070,363
685,359,778,386
949,388,1060,413
682,402,755,431
741,404,844,430
716,390,873,407
832,405,916,433
914,409,1033,429
693,432,821,447
827,423,969,453
959,427,1057,451
688,453,807,477
809,450,924,473
915,453,1059,477
693,477,846,499
850,474,984,496
980,481,1042,495
690,494,773,519
888,505,1072,520
697,521,811,542
803,524,967,538
960,515,1040,548
692,537,840,565
841,543,1042,567
685,570,839,590
829,565,903,587
898,565,1017,590
1006,572,1059,589
694,592,785,613
778,600,821,611
810,596,879,613
913,592,1068,612
686,611,905,638
907,616,984,633
977,621,1053,632
688,639,770,660
767,641,860,662
861,643,1036,662
687,659,767,675
391,1221,546,1250
811,1223,876,1250
866,1218,1020,1243
289,1248,470,1274
476,1257,705,1272
709,1246,856,1271
838,1247,1052,1271
543,1218,819,1248
280,1209,389,1250