
276,1156,539,1181
554,1139,745,1176
559,1172,665,1202
758,1139,854,1177
540,1145,647,1177
293,1138,410,1175
300,155,641,190
630,171,758,188
733,163,872,189
831,166,1108,194
890,179,1098,195
446,182,563,216
525,184,657,219
638,188,812,220
802,179,972,220
936,188,1114,223
300,213,471,234
439,213,535,243
526,211,623,245
650,213,877,243
860,212,1008,250
971,219,1082,233
578,247,815,261
784,246,966,260
331,232,600,264
328,252,575,292
555,257,736,293
718,260,821,295
791,258,990,295
328,266,391,304
372,285,448,309
437,279,589,308
560,288,692,304
666,279,816,316
305,359,719,395
565,378,839,407
817,379,964,407
929,379,1030,406
997,376,1116,408
288,397,411,437
401,406,493,434
465,407,603,437
566,404,813,440
783,405,896,439
883,407,1108,442
304,413,377,452
361,422,612,450
298,444,401,475
373,442,564,478
560,459,677,477
944,467,976,511
744,480,872,512
528,472,765,509
992,479,1090,510
336,491,429,523
425,497,556,531
551,504,575,528
560,492,606,534
597,495,746,526
736,498,818,541
804,512,887,540
865,508,959,539
963,509,1002,542
996,510,1075,544
333,514,492,554
498,519,670,555
337,541,488,568
482,545,597,578
566,548,678,582
670,547,780,584
769,548,866,586
852,550,986,587
967,552,1037,585
1026,552,1103,585
314,565,417,592
408,583,493,592
486,576,562,600
560,567,659,601
638,579,850,594
502,589,597,625
584,591,706,627
676,591,819,631
813,594,952,629
926,594,994,628
966,587,1110,630
340,622,406,646
306,650,415,671
411,648,642,667
638,641,743,672
723,642,853,673
820,642,1044,677
334,662,491,695
527,664,594,696
592,672,746,702
734,664,827,696
813,666,1003,702
986,676,1096,700
332,680,454,731
438,695,604,727
588,685,819,725
815,695,882,729
341,725,631,737
604,709,841,738
817,717,1069,741
334,738,487,770
483,738,578,769
559,735,663,771
666,736,867,770
377,767,515,798
490,755,636,798
615,765,783,790
779,770,858,802
835,761,1112,805
306,784,422,813
411,786,596,810
565,788,785,818
778,776,991,812
968,785,1087,812
308,809,394,837
376,810,601,841
567,807,787,842
780,809,930,844
304,826,536,857
526,834,632,866
600,836,878,869
855,844,973,876
963,845,1076,870
1067,854,1118,877