
256,169,359,190
363,165,530,189
526,157,762,194
763,160,913,195
902,160,1100,195
256,195,401,218
382,197,664,221
663,181,846,214
846,195,932,222
935,198,1059,222
260,222,410,243
401,229,495,241
494,225,725,251
722,219,903,245
288,251,397,273
391,249,574,278
565,253,749,276
745,248,1027,274
1017,248,1098,275
255,279,475,297
470,276,715,305
705,276,889,304
886,271,990,303
987,271,1091,301
249,307,363,327
353,296,510,335
508,301,634,329
627,292,740,332
727,297,951,328
256,360,791,387
679,393,843,418
837,389,998,423
1003,393,1106,423
261,424,525,446
554,424,766,447
765,416,1096,447
261,454,432,475
430,446,593,471
588,445,625,472
614,448,722,476
707,449,828,476
806,443,1078,476
254,497,384,525
390,501,450,523
435,498,634,525
252,537,543,554
536,532,618,562
604,532,768,557
758,538,980,559
983,528,1096,561
255,563,438,585
428,562,538,586
532,562,687,590
678,567,878,584
866,564,1102,589
256,588,340,609
343,577,449,604
438,585,592,612
592,583,818,613
816,590,951,615
947,585,1109,614
251,616,293,639
294,606,558,641
551,617,655,637
635,606,771,638
759,616,964,645
943,603,1098,639
256,643,333,664
328,644,552,671
380,670,640,694
628,659,806,695
810,652,1104,694
265,709,479,718
476,695,893,718
893,699,1094,718
261,731,367,748
370,718,683,750
675,718,790,748
784,718,901,744
889,722,1103,751
250,752,516,774
509,750,613,774
592,745,866,771
848,747,1076,778
261,787,344,804
348,775,418,796
415,774,587,801
586,777,934,800
932,773,1095,799
254,809,305,828
300,795,525,830
614,803,746,831
815,808,971,829
964,804,1013,826
1003,807,1104,829
247,833,340,863
334,831,560,857
271,860,595,879
1030,858,1099,876
262,880,318,911
332,873,690,903
688,879,986,907
976,881,1100,912
276,910,392,938
387,902,680,936
678,915,894,932
897,907,990,939
989,893,1094,931
251,941,369,967
364,928,704,966
693,935,925,965
925,941,1014,963
1014,947,1095,967
543,967,610,990
698,969,834,990
603,966,684,992
897,967,971,990
960,961,1096,988
250,993,352,1014
346,988,576,1023
841,966,895,992
333,959,546,988
656,994,764,1018
759,994,867,1018
843,992,966,1013
963,996,1092,1007
951,993,1106,1021
247,1031,427,1063
365,1074,441,1097
426,1068,508,1103
510,1074,606,1105
593,1078,805,1094
804,1065,1003,1097
1003,1078,1100,1098
249,1101,339,1125
325,1099,420,1129
416,1087,451,1126
454,1095,587,1131
581,1090,684,1130
674,1098,783,1124
779,1108,890,1131
891,1107,1035,1128
1037,1101,1093,1125
261,1131,326,1152
325,1133,413,1156
408,1133,589,1156
287,1152,359,1188
352,1158,612,1184
801,1158,1010,1179
992,1156,1100,1184
255,1185,341,1208
334,1187,458,1205
455,1180,563,1213
549,1191,776,1206
844,1187,956,1204
781,1184,844,1204
948,1183,1111,1210
256,1198,341,1235
327,1203,528,1236
523,1214,709,1236
709,1214,901,1231
899,1203,1050,1232
1042,1211,1098,1242
256,1240,302,1260
308,1230,528,1262
519,1241,637,1260
636,1242,699,1263
705,1242,832,1262
826,1238,891,1262
882,1240,1053,1262
1052,1239,1097,1258
269,1261,317,1290
303,1262,422,1294
417,1265,524,1294
520,1259,767,1294
760,1266,832,1287
816,1263,937,1287
924,1262,1110,1284
249,1286,336,1320
322,1288,439,1315
440,1288,530,1317
283,1309,424,1341
414,1315,613,1342
608,1317,716,1340
717,1307,830,1344
825,1312,937,1342
932,1310,1107,1341
255,1342,395,1368
392,1346,475,1371
464,1341,715,1371
714,1333,888,1368