
224,179,667,413
235,438,450,464
440,440,496,460
489,434,533,460
522,442,701,463
232,461,988,559
225,552,999,656
205,648,1005,730
239,718,889,748
895,721,993,752
232,749,285,773
282,746,362,772
356,751,462,769
550,747,657,778
646,749,748,772
731,747,784,774
769,750,1009,773
238,767,516,793
515,770,670,800
657,768,768,791
772,769,811,794
810,771,891,798
888,767,1002,798
236,793,342,821
230,813,349,844
339,808,588,843
568,811,747,843
743,813,855,845
854,816,908,847
909,816,989,848
229,849,311,868
305,841,406,863
470,846,580,868
575,844,668,869
659,845,702,869
695,839,910,868
913,841,1011,865
242,864,406,889
398,868,540,887
545,871,638,890
749,873,851,894
846,868,943,894
944,869,981,890
235,885,446,915
435,887,532,914
525,892,650,911
192,909,361,937
350,913,432,939
419,916,505,940
507,918,631,943
627,909,698,935
689,913,739,937
732,917,816,943
805,909,901,941
890,915,938,945
932,914,1007,942
207,938,299,958
299,939,384,965
418,942,510,959
562,932,639,963
206,963,521,984
517,951,849,990
833,964,1008,985
214,988,267,1009
258,985,406,1006
392,981,494,1019
484,982,583,1007
576,985,809,1013
228,1005,388,1036
378,1015,494,1034
487,1005,585,1034
570,1014,700,1036
685,1006,835,1038
832,1003,971,1037
238,1036,432,1056
228,1059,434,1075
422,1057,590,1079
582,1061,739,1081
725,1056,851,1082
843,1057,1005,1085
230,1079,314,1105
312,1075,588,1107
580,1077,711,1103
692,1073,805,1101
787,1085,937,1107
233,1107,444,1127
425,1101,499,1131
491,1103,561,1132
545,1099,662,1129
660,1101,708,1130
232,1117,495,1156
472,1125,556,1149
516,1125,638,1154
631,1127,711,1155
707,1135,769,1155
212,1159,768,1176
230,1178,321,1204
303,1164,642,1204
637,1179,718,1202
701,1175,1007,1197
234,1202,402,1227
379,1197,462,1224
451,1201,736,1226
721,1198,986,1225
229,1225,291,1248
291,1222,430,1249
421,1229,622,1249
614,1229,777,1253
778,1229,819,1244
806,1225,1014,1246
239,1251,421,1276
400,1245,507,1274
503,1244,718,1268
711,1244,894,1273
236,1269,399,1294
382,1271,614,1295
605,1277,698,1299
680,1277,794,1295
782,1271,957,1298
950,1272,1003,1298
234,1298,294,1320
294,1293,392,1324
370,1285,461,1318
442,1293,631,1321
639,1284,708,1320
706,1285,803,1323
786,1287,910,1319
900,1299,995,1322
215,1321,445,1347
431,1311,583,1344
551,1313,640,1346
627,1320,686,1343
765,1317,871,1343