
164,171,320,189
317,170,498,194
501,163,702,192
706,159,780,191
772,168,879,194
883,163,1011,193
166,185,250,222
245,195,344,219
335,192,511,218
508,190,713,219
715,192,880,218
876,191,973,221
971,189,1005,220
169,225,272,244
265,217,473,246
465,217,654,252
639,217,780,250
766,219,938,247
940,223,1013,247
162,254,265,273
254,248,320,274
313,245,399,274
393,249,542,272
547,246,593,276
581,243,735,269
723,248,847,273
842,245,1011,275
171,279,267,300
153,321,412,359
409,322,611,362
595,371,682,396
676,371,922,399
167,412,394,445
450,455,510,474
849,454,1007,474
174,483,261,501
287,482,343,499
331,477,375,511
395,484,613,503
609,482,713,503
718,472,758,505
749,480,818,504
811,477,922,503
921,478,1009,504
162,504,218,531
217,506,333,532
394,506,480,530
656,505,737,531
749,503,845,532
843,507,975,531
169,538,240,557
238,533,309,562
301,527,422,553
410,529,771,554
778,531,904,555
645,565,722,582
720,563,872,588
853,558,1009,587
169,592,304,615
158,566,559,581
558,560,659,581
157,635,369,660
165,661,271,693
276,664,450,692
446,667,542,690
550,671,662,699
673,669,805,693
826,670,934,696
941,668,1011,697
176,705,343,720
354,696,503,720
508,702,605,722
618,684,775,722
775,703,820,720
827,702,1007,721
176,729,271,749
568,730,637,750
645,725,801,746
800,720,991,750
177,750,235,775
238,752,328,777
331,749,354,787
350,753,589,778
584,759,726,780
729,750,819,778
824,754,870,775
878,754,1008,777
175,783,321,807
316,776,441,800
445,780,575,802
582,782,741,804
752,784,857,800
864,785,1008,798
161,796,384,827
379,804,444,827
438,806,596,830
584,801,776,831
775,801,922,828
914,806,1011,829
169,829,236,856
233,817,356,853
347,832,453,858
448,831,554,854
553,827,652,856
186,850,312,888
306,857,471,888
472,854,616,882
610,854,729,883
722,844,876,885
869,859,1005,886
170,881,254,913
244,869,481,909
474,885,614,909
608,879,754,908
752,883,879,914
863,876,1009,917
165,918,416,941
410,913,588,937
583,909,726,939
724,911,865,936
867,912,910,939
903,913,1010,939
177,937,296,968
282,938,577,960
573,939,730,964
723,942,882,964
879,933,1010,966
163,979,255,995
189,988,369,1015
363,994,428,1018
424,981,579,1021
553,990,648,1021
637,988,839,1019
823,993,1004,1022
166,1021,249,1048
246,1022,287,1046
280,1014,385,1047
376,1015,527,1045
515,1011,652,1047
646,1021,778,1046
781,1027,875,1056
847,1016,902,1048
894,1021,1002,1047
157,1041,372,1074
373,1046,529,1072
534,1042,636,1076
622,1046,789,1073
775,1041,941,1074
937,1042,1011,1070
168,1078,294,1098
281,1069,360,1099
356,1073,469,1098
458,1073,540,1102
542,1066,685,1100
204,1102,355,1125
355,1093,416,1126
416,1100,507,1126
494,1098,659,1129
647,1101,847,1126
847,1103,1012,1133
168,1128,372,1155
490,1127,734,1156
812,1127,964,1154
164,1149,398,1184
398,1151,490,1185
486,1158,618,1183
612,1144,725,1177
719,1161,845,1184
838,1158,919,1181
913,1160,1009,1184
163,1190,253,1212
319,1183,431,1207
423,1186,546,1209
529,1165,608,1214
593,1182,791,1213
777,1180,950,1207
947,1185,1003,1209
161,1209,245,1239
242,1207,288,1235
286,1201,395,1238
381,1209,647,1238
632,1209,732,1237
727,1198,921,1234
919,1204,1005,1238
166,1236,325,1263
362,1238,662,1264
660,1233,776,1263
787,1235,1000,1264
174,1262,286,1288
291,1255,416,1295
412,1260,754,1287
742,1255,875,1290
858,1263,1017,1289
176,1286,246,1319
237,1286,440,1313
437,1288,612,1314
615,1284,706,1318
711,1282,784,1310
783,1291,898,1313
896,1293,1012,1318
163,1321,255,1345
252,1310,346,1343
339,1314,476,1342
469,1309,639,1343
629,1317,746,1343
753,1309,866,1340
856,1319,1010,1343