
1034,329,1152,356
1031,354,1119,367
1029,368,1136,388
1134,372,1207,392
1034,391,1081,411
1073,384,1212,407
1018,411,1148,425
1143,413,1184,423
1037,426,1138,442
1034,442,1183,469
1178,442,1219,467
1032,458,1096,487
169,169,555,203
333,216,494,246
488,221,655,247
647,223,802,242
795,218,916,247
918,222,1013,255
161,250,379,275
373,243,576,271
577,237,666,269
669,242,710,265
722,245,875,275
855,247,1018,275
162,273,258,300
244,268,327,299
325,270,601,300
606,276,662,296
654,275,837,299
824,270,1006,301
164,297,255,321
243,295,482,327
476,300,604,325
569,289,843,328
808,292,1006,328
166,330,281,356
271,334,451,355
430,325,652,355
170,414,255,450
252,420,586,448
494,449,636,468
890,454,1010,476
172,478,229,496
232,481,265,501
255,471,468,500
455,462,667,500
734,477,934,498
380,506,475,527
462,493,693,532
681,502,867,528
865,494,984,531
314,530,465,552
461,526,691,557
681,520,763,549
756,519,936,552
923,531,1007,551
169,558,317,582
305,555,355,575
348,548,496,576
471,540,625,580
605,553,834,585
825,559,1005,584
166,586,278,604
272,578,350,604
341,583,487,607
490,578,587,611
585,588,681,610
667,589,1012,608
162,607,220,635
237,599,413,638
406,613,583,633
581,612,628,631
627,607,859,632
849,607,1012,639
166,632,346,664
341,640,540,663
534,636,630,663
192,666,363,686
361,662,599,689
588,666,652,685
656,658,700,695
684,661,1014,686
171,690,378,716
381,690,680,714
679,700,720,718
717,695,933,714
923,694,1000,713
156,717,391,739
391,729,528,747
523,723,627,750
621,724,870,743
870,717,1005,742
167,752,239,768
229,741,573,766
558,747,821,764
825,745,1012,769
170,771,273,797
268,769,499,799
488,772,622,795
610,766,874,791
199,798,426,826
429,804,626,828
617,808,865,825
841,796,1005,827
168,824,507,857
504,824,691,850
678,828,746,852
750,827,794,848
770,814,952,850
946,828,1011,848
167,845,261,880
251,845,558,880
542,848,664,875
650,854,984,879
984,854,1014,881
155,883,477,898
468,880,583,905
588,885,646,906
639,880,852,900
843,877,1010,905
167,908,370,932
371,910,410,927
402,903,621,935
598,906,705,933
694,910,797,931
778,907,1002,931
165,934,248,959
244,934,331,960
330,936,470,959
470,936,707,960
191,959,297,985
305,964,557,986
553,958,624,986
605,959,686,981
686,961,843,984
846,957,1008,990
157,973,217,1013
216,986,318,1008
308,979,476,1011
464,985,568,1018
563,989,767,1013
766,979,1015,1016
167,1022,239,1037
242,1010,410,1039
396,1010,583,1039
576,1022,706,1039
700,1018,928,1039
914,1023,1020,1045
168,1045,450,1070
203,1069,490,1096
480,1065,572,1094
573,1058,841,1093
842,1070,988,1095
170,1098,367,1121
354,1085,543,1125
541,1092,741,1123
734,1091,857,1120
851,1088,1015,1119
160,1123,287,1152
287,1118,433,1144
433,1121,617,1149
606,1113,818,1150
817,1124,893,1145
892,1112,1010,1148
159,1152,235,1176
214,1150,407,1173
400,1150,544,1175
544,1145,648,1173
642,1149,743,1174
739,1149,965,1174
966,1149,1010,1171
147,1171,383,1205
186,1208,369,1228
357,1201,442,1231
439,1200,675,1234
655,1206,753,1231
750,1190,1002,1227
179,1229,296,1255
294,1223,413,1260
407,1223,674,1262
674,1237,780,1254
784,1235,825,1252
828,1231,1017,1253
145,1263,320,1287
321,1249,428,1287
409,1254,495,1285
494,1256,698,1286
690,1257,789,1282
787,1263,961,1282
165,1280,251,1307
250,1276,305,1313
301,1285,437,1310
434,1285,643,1313
638,1284,746,1316
733,1277,963,1310
181,1306,478,1335
469,1310,774,1335
798,1314,999,1339
160,1347,366,1366
352,1342,643,1362
638,1339,787,1367
764,1330,1003,1369