
257,172,339,196
319,163,459,196
454,168,531,194
520,166,713,197
708,168,763,194
768,159,961,195
954,161,1098,194
256,200,405,217
257,233,488,271
255,269,527,300
510,275,647,304
634,276,804,307
790,262,1008,306
259,308,384,332
1006,277,1109,308
372,302,512,331
509,304,627,329
607,296,774,328
763,304,1021,333
1018,302,1101,331
258,335,372,354
405,328,651,359
640,319,715,353
695,327,951,358
493,359,748,385
991,363,1100,387
273,386,401,409
392,376,564,414
558,384,710,409
289,410,399,436
386,411,476,439
465,416,635,439
621,413,684,435
675,412,769,436
760,411,900,436
907,414,1012,440
993,412,1106,442
259,441,339,465
331,437,653,461
653,432,864,462
967,445,1118,468
260,466,348,490
353,460,475,492
467,459,676,493
656,465,756,490
746,467,896,493
889,464,1035,494
267,501,415,519
402,493,584,522
557,477,724,521
718,490,852,519
860,499,990,513
988,500,1101,522
240,525,347,550
320,510,540,546
297,542,409,569
398,548,488,570
488,542,574,571
567,549,643,569
646,543,738,572
724,541,843,574
839,543,1022,578
1012,547,1106,574
257,577,428,602
429,572,566,600
561,571,666,600
651,570,796,604
802,576,909,601
890,570,1028,600
1023,572,1102,599
255,601,388,627
387,588,510,630
504,595,627,628
617,599,790,627
789,592,947,633
939,604,1050,631
1028,602,1098,624
262,629,524,654
668,631,825,650
830,629,1065,652
1070,633,1101,652
257,655,298,674
296,651,365,681
358,648,499,681
486,654,734,681
728,652,839,679
831,647,988,682
984,656,1098,682
259,684,353,709
351,673,443,706
439,673,699,706
704,681,927,711
918,676,1100,710
259,706,554,732
288,737,370,760
358,738,579,760
595,733,753,761
745,734,823,762
824,731,953,759
942,737,1100,765
254,763,308,789
312,765,359,788
353,770,540,789
520,762,746,791
745,756,935,782
923,759,1010,789
1014,761,1097,785
264,790,463,813
455,782,588,817
580,785,817,814
817,790,906,818
895,796,1029,821
1023,792,1102,813
259,824,353,839
345,814,634,841
627,811,682,839
664,817,880,844
865,815,983,845
981,813,1062,846
265,842,505,869
499,844,620,874
260,959,461,986
451,958,626,991
263,909,434,935
282,1024,392,1046
383,1010,492,1042
472,1015,565,1045
558,1021,675,1041
274,1051,353,1061
386,1045,544,1065
544,1046,658,1065
274,1072,443,1085
562,1072,659,1086
273,1098,349,1111
359,1090,483,1108
483,1088,608,1111
607,1087,678,1117
294,1114,468,1129
465,1114,645,1133
286,1135,507,1156
497,1134,526,1152
513,1134,609,1155
295,1165,358,1180
349,1159,517,1178
514,1152,634,1183
276,1176,399,1205
395,1181,466,1203
467,1178,534,1200
532,1179,628,1205
623,1183,660,1207
285,1206,401,1226
491,1231,589,1248
291,1250,391,1272
384,1247,474,1271
467,1250,623,1273
608,1254,656,1272
390,1275,490,1293
688,1026,901,1042
902,1019,1053,1040
665,1050,847,1065
847,1048,925,1067
933,1046,1035,1064
686,1067,748,1090
758,1069,893,1092
888,1062,1028,1088
680,1091,789,1113
784,1090,855,1115
831,1090,933,1115
931,1092,986,1113
688,1114,778,1134
784,1115,814,1136
814,1113,863,1139
861,1115,998,1137
988,1114,1059,1131
688,1137,790,1157
789,1134,860,1160
857,1140,941,1154
932,1128,1079,1157
686,1158,769,1182
765,1162,893,1180
888,1164,1028,1180
690,1179,784,1203
782,1181,967,1202
979,1180,1040,1203
687,1202,759,1224
758,1203,854,1227
852,1200,941,1227
941,1203,1078,1225
701,1226,907,1255
908,1231,1006,1249
999,1229,1056,1255
694,1247,845,1275
840,1247,1005,1273
688,1280,805,1296