
229,214,445,252
417,220,494,256
538,217,568,253
737,219,862,258
916,225,1019,257
1002,221,1038,260
483,592,634,622
696,588,746,622
740,587,768,625
152,237,231,511
168,494,595,548
373,262,447,510
419,272,497,309
821,268,944,432
557,629,729,804
229,1019,498,1141
673,1101,967,1141
227,958,376,1004
413,962,538,994
521,960,564,996
698,959,902,1006
864,964,956,998
927,977,1007,1002
972,962,1073,998
123,383,176,416
106,414,181,437
104,452,200,468
254,547,342,588
331,550,487,588
464,548,589,586
600,390,679,418
687,544,780,586
740,550,820,584
817,556,900,587
895,555,1068,587