
1021,632,1131,650
1025,646,1184,669
1020,665,1104,686
1106,664,1208,684
1023,679,1113,708
1105,690,1220,710
1030,709,1144,727
310,195,370,224
564,197,892,221
912,196,974,218
164,223,340,247
331,221,400,243
397,218,509,251
547,221,747,246
165,310,496,324
494,300,605,324
596,308,679,328
674,300,889,330
947,299,1010,326
163,328,240,354
426,331,568,355
568,334,785,354
778,332,969,354
163,355,235,380
224,353,359,381
349,355,445,384
440,356,623,381
617,356,682,381
680,354,903,383
392,386,650,407
222,387,274,411
766,385,845,408
833,381,1005,420
160,414,235,443
230,409,466,435
240,602,378,627
674,604,849,627
419,635,512,649
492,623,748,650
731,624,843,649
839,635,1016,650
172,656,264,676
245,654,295,678
286,652,458,675
445,650,508,675
495,650,538,680
534,652,618,678
615,641,907,678
902,655,920,678
333,685,416,705
518,684,598,708
585,684,691,706
736,679,834,704
934,683,1014,706
170,714,269,733
265,713,544,733
528,702,711,732
703,714,869,726
863,711,939,734
930,714,1011,734
171,730,317,762
311,735,375,762
371,732,594,761
584,729,725,757
726,736,868,765
859,741,1007,764
170,765,285,783
266,750,358,789
344,755,515,785
506,759,616,787
599,756,881,784
874,763,1007,785
168,782,302,813
285,783,377,810
374,792,475,811
475,784,691,812
691,786,832,809
829,786,1009,814
163,817,284,843
282,815,354,843
353,819,490,836
483,809,555,837
546,819,639,839
624,801,803,845
784,812,965,841
820,847,951,871
951,846,1013,868
161,872,214,900
224,867,375,893
377,866,965,895
957,874,1020,896
171,894,360,923
401,897,526,919
515,890,797,923
790,894,1006,923
168,927,362,947
360,921,459,947
449,916,550,945
536,914,803,947
788,915,861,943
862,921,1008,951
173,950,254,975
246,948,278,976
272,947,377,970
373,949,565,977
300,976,513,1008
506,981,561,997
554,973,776,1001
772,972,918,1005
903,978,1010,1002
165,1004,235,1033
306,1006,456,1028
198,1032,395,1053
693,1033,759,1055
755,1035,809,1057
804,1026,1012,1053
202,1062,303,1084
307,1052,473,1082
568,1051,653,1087
645,1056,717,1084
722,1053,892,1083
885,1058,1015,1081
293,1085,483,1108
486,1085,811,1105
888,1083,993,1114
275,1119,346,1137
337,1117,599,1138
205,1145,439,1164
758,1140,905,1166
902,1139,1010,1162
682,1140,760,1163
200,1163,438,1190
424,1166,470,1191
462,1164,657,1194
654,1165,927,1188
933,1165,1010,1192
200,1197,273,1218
274,1197,662,1216
669,1199,800,1219
797,1200,882,1221
875,1193,1011,1216
198,1226,396,1243
394,1215,515,1244
515,1218,686,1244
678,1221,798,1247
782,1223,1008,1246
199,1248,369,1272