
265,169,344,191
336,162,431,190
432,165,473,193
472,148,506,202
491,167,544,192
533,165,652,188
654,167,731,191
720,164,863,195
862,165,943,195
948,168,1003,193
988,162,1101,192
250,184,305,217
303,185,487,224
474,186,558,218
538,185,724,227
729,188,880,222
864,197,955,219
961,185,993,216
991,192,1099,224
255,220,427,245
424,204,557,248
563,203,667,251
658,208,879,248
868,222,1041,250
1040,219,1099,247
259,248,386,274
377,243,420,276
411,242,512,279
512,243,627,276
618,242,714,275
706,246,806,276
807,249,847,273
838,248,1059,276
1060,247,1095,274
252,270,359,298
353,270,404,306
397,271,569,300
285,355,340,384
336,359,449,381
455,357,486,384
484,353,655,382
685,357,908,385
431,505,558,527
549,498,786,528
774,507,816,534
812,503,870,527
863,504,1065,531
1060,506,1108,530
263,532,327,555
333,525,449,559
443,529,559,557
564,522,744,559
729,524,833,554
836,529,996,560
986,537,1107,559
240,561,383,586
376,554,456,581
453,558,585,584
567,552,729,582
725,564,759,585
760,552,1024,588
1030,553,1089,587
257,592,581,612
568,578,656,612
651,592,718,614
703,580,1004,610
262,635,603,674
50,894,145,920
47,917,158,939
149,910,225,934
56,934,209,957
209,940,235,958
55,957,203,980
256,672,505,704
490,676,602,709
611,672,883,705
880,670,1061,701
1057,677,1100,702
254,699,348,730
348,699,416,730
418,700,454,731
448,697,664,720
447,701,667,734
665,705,1019,727
1022,705,1104,732
369,733,424,760
423,730,521,760
526,730,624,759
622,734,685,757
673,731,765,760
745,733,807,761
793,730,878,765
860,726,1096,756
246,764,557,788
294,782,355,813
341,780,524,818
509,782,596,815
585,781,784,814
781,782,874,813
873,789,903,810
1022,787,1079,811
252,813,470,839
471,809,815,838
967,819,1098,839
263,845,323,864
428,842,497,868
319,846,424,864
495,843,706,865
695,839,953,868
942,837,1109,872
260,866,350,895
342,867,392,894
392,864,532,896
518,868,630,891
617,869,689,894
681,868,777,894
779,868,867,890
861,866,937,891
927,868,1016,896
1003,867,1104,893
264,895,326,920
1030,892,1102,924
263,914,327,948
322,918,428,946
428,917,585,947
577,926,671,950
675,921,775,950
774,920,895,947
888,926,989,950
983,924,1108,945
258,946,326,979
323,936,515,972
283,970,480,1000
469,973,597,1001
585,975,654,1003
643,970,731,1002
711,970,812,1001
815,968,932,1001
938,978,1005,998
1000,970,1108,998
261,1006,444,1029
444,995,556,1027
539,1002,613,1035
588,1001,768,1030
758,1001,859,1028
842,996,941,1026
924,998,1029,1026
1023,1001,1105,1030
255,1025,378,1055
381,1021,784,1051
765,1021,906,1057
891,1013,1101,1062
540,1060,714,1085
371,1054,533,1079
706,1055,754,1084
750,1043,784,1081
776,1059,950,1081
946,1057,1056,1085
1056,1055,1101,1083
260,1084,333,1106
307,1077,508,1107
504,1081,581,1111
579,1085,615,1109
608,1080,797,1108
371,1110,549,1137
545,1109,617,1135
282,1110,375,1130
610,1112,680,1142
679,1109,879,1135
868,1111,1000,1137
1000,1108,1107,1138
256,1134,356,1166
346,1134,495,1168
472,1121,685,1165
670,1130,774,1164
789,1136,985,1163
986,1137,1100,1164
260,1165,541,1195
529,1157,696,1189
695,1161,782,1191
777,1160,882,1193
877,1164,931,1190
930,1160,969,1198
951,1163,988,1200
983,1165,1028,1182
1032,1163,1092,1193
254,1190,363,1217
353,1184,405,1219
395,1186,451,1220
444,1196,677,1219
670,1186,888,1217
884,1184,1000,1217
998,1190,1063,1222
1066,1195,1113,1233
255,1214,301,1243
299,1216,380,1241
378,1215,473,1247
451,1211,638,1244
627,1213,699,1243
686,1212,823,1243
741,1223,823,1249
812,1217,872,1241
863,1214,954,1247
942,1218,1098,1244
259,1246,454,1273
460,1242,660,1273
669,1247,785,1272
779,1248,986,1271
977,1249,1101,1270
252,1266,395,1294
497,1302,591,1326
667,1298,785,1327
906,1305,1074,1323
604,1327,861,1354
854,1327,959,1356
956,1325,1099,1349