
163,167,278,197
273,165,406,195
408,162,562,193
561,162,756,188
725,147,869,185
854,166,999,188
166,194,269,213
260,197,434,211
420,187,560,223
543,190,675,214
675,194,718,218
710,197,865,220
868,197,975,217
163,222,247,245
236,216,340,246
337,220,400,250
388,217,516,246
502,210,685,247
684,221,787,245
771,218,866,249
849,222,968,246
960,221,1012,245
164,242,240,276
224,247,261,276
262,256,299,272
290,244,485,276
470,250,533,274
513,242,809,271
804,245,945,277
942,249,1016,274
156,273,270,302
261,275,429,296
420,275,459,294
446,274,479,309
477,270,513,307
512,283,649,298
653,266,692,294
685,266,784,296
779,259,990,299
173,319,383,351
162,356,234,377
228,355,358,382
357,357,478,383
471,358,505,384
509,360,678,380
667,354,773,384
760,360,920,382
919,356,1009,386
177,384,291,416
277,387,422,411
408,382,514,412
507,389,621,411
615,387,682,411
666,384,716,411
704,394,900,411
882,387,1006,415
154,418,311,439
309,414,365,435
356,409,431,438
433,410,532,443
540,408,680,438
668,407,723,434
719,410,913,438
911,416,999,436
156,444,238,462
231,440,407,467
394,434,505,469
512,434,638,461
639,436,793,466
790,432,1008,474
279,470,354,489
348,464,554,491
168,463,276,491
192,486,300,524
274,491,448,521
451,484,570,516
546,487,686,515
685,491,827,513
816,493,1007,518
161,518,212,545
274,520,382,545
374,518,525,544
505,514,692,546
686,526,791,540
780,516,893,548
190,554,338,574
323,549,383,575
370,552,610,571
595,550,680,580
666,554,909,575
900,552,1018,575
162,578,393,603
450,571,532,604
565,569,662,605
758,576,897,606
897,580,1003,606
170,603,288,627
283,599,479,628
504,631,573,651
566,619,747,651
414,630,509,650
750,630,852,655
830,626,1009,651
161,657,382,676
368,651,502,679
502,653,736,684
748,660,816,683
822,642,1010,680
156,679,402,708
413,676,587,701
576,682,673,709
665,679,839,713
834,671,949,709
940,684,1004,708
170,707,217,732
214,714,373,730
445,711,578,733
577,706,688,734
684,710,786,730
775,701,846,730
853,709,1011,733
160,733,249,762
249,732,311,759
304,736,369,763
364,734,616,761
199,762,333,787
333,763,480,790
471,766,612,789
605,767,748,794
741,760,918,788
910,764,977,785
172,794,313,817
304,788,355,811
353,796,447,815
450,790,553,812
548,790,677,810
679,785,739,819
731,789,814,815
809,784,881,816
872,792,1007,817
170,815,334,835
339,814,421,838
418,823,534,847
523,822,603,839
593,819,736,848
194,844,313,873
315,841,401,868
400,844,431,868
428,848,622,868
613,848,788,871
788,844,920,874
912,849,1009,870
173,870,265,894
255,874,317,900
319,872,469,899
444,870,532,899
518,873,710,895
712,863,882,899
892,872,1006,891
171,907,301,922
297,898,416,927
401,897,677,927
678,903,806,926
794,900,1001,922
158,928,264,947
257,927,401,953
404,1046,769,1079
172,1075,346,1103
333,1080,429,1106
431,1072,495,1103
479,1069,658,1104
639,1082,794,1105
784,1076,979,1105
191,1101,250,1126
249,1100,463,1130