
259,177,367,213
350,176,427,210
418,182,524,203
823,218,976,236
171,234,237,258
229,237,327,260
429,285,545,312
654,279,741,305
860,278,935,308
170,320,332,348
175,361,310,389
175,405,292,426
174,448,296,468
449,323,522,348
677,318,715,347
863,323,931,346
438,365,522,389
681,367,718,387
865,364,934,394
456,404,518,433
667,408,725,425
870,410,941,441
423,444,549,478
644,447,731,469
875,443,934,473
1035,1105,1173,1128
1017,1122,1154,1144
1151,1128,1195,1147
1018,1142,1089,1164
1084,1141,1177,1163
1165,1137,1214,1163
1023,1163,1176,1182
1162,1156,1214,1180
1027,1182,1056,1201
1052,1186,1092,1201
1089,1178,1120,1205
1117,1176,1205,1205
1029,1199,1073,1223