
191,217,419,243
410,210,534,245
525,212,671,242
656,214,723,242
706,217,783,241
777,207,818,243
810,213,880,246
863,221,949,251
932,217,1013,246
172,239,246,271
239,236,416,266
409,235,579,269
567,240,701,275
686,240,786,268
784,242,893,276
886,237,1008,273
174,270,270,297
257,261,418,294
407,266,496,299
484,270,684,296
677,266,831,298
822,270,1010,296
168,296,210,324
195,289,347,326
335,297,460,326
451,297,566,325
165,347,345,380
338,351,496,385
162,391,300,421
286,391,486,425
470,389,599,423
594,385,706,422
691,393,899,427
891,395,1010,421
163,419,279,451
274,420,427,452
414,422,540,453
531,424,700,451
688,419,962,453
193,453,287,478
323,449,437,479
425,436,525,474
521,446,693,478
684,443,727,476
717,445,843,475
842,441,957,479
960,451,1006,476
163,474,312,505
313,479,411,505
396,477,650,504
640,469,797,503
784,469,885,505
878,467,1011,501
163,509,356,528
348,504,492,533
476,501,623,532
608,497,693,534
672,507,853,530
841,501,932,532
919,502,1010,532
169,532,284,559
282,528,385,558
366,528,534,556
525,530,632,559
618,532,768,558
204,560,295,583
285,549,448,583
427,547,546,588
533,549,657,587
652,545,737,589
725,554,860,584
846,554,928,590
961,561,998,586
202,577,436,609
424,579,480,612
466,592,527,613
512,578,665,614
650,578,830,611
816,582,901,615
891,588,1006,611
169,614,199,640
190,614,307,642
300,606,686,647
205,642,410,669
396,634,630,664
619,637,679,669
760,642,958,667
159,666,378,693
367,666,462,692
462,661,506,696
498,666,785,692
770,668,920,694
907,669,1015,690
165,696,229,721
218,690,319,722
298,693,392,722
378,681,631,724
273,750,476,775
734,923,825,943
748,941,794,964
793,945,850,967
318,872,362,902
352,879,413,928
362,997,406,1049
421,942,559,966
423,966,502,984
472,1076,536,1102
467,1095,509,1122
500,1096,533,1123
412,1028,664,1048
665,900,677,1026
561,1161,625,1187
566,1188,621,1230
626,1188,688,1227
365,789,413,814
792,1161,867,1194
677,819,733,840
722,1106,792,1130