
162,169,460,206
459,160,669,206
162,237,276,259
275,237,583,258
847,238,1016,258
166,261,315,280
458,262,617,285
861,266,1023,287
163,299,331,310
686,294,826,315
601,292,699,313
166,315,336,334
327,314,511,339
511,308,639,339
628,314,948,335
272,342,472,368
477,339,677,366
714,347,837,371
967,349,1016,365
171,367,265,389
277,370,443,393
430,371,533,392
531,372,784,389
800,369,926,395
935,369,996,395
171,397,356,418
343,397,467,420
460,401,697,424
666,395,766,424
760,401,830,421
823,392,1009,420
168,428,247,448
239,426,573,451
563,429,608,455
595,431,794,441
776,420,884,443
870,418,978,449
185,450,279,473
274,444,388,476
452,445,573,481
575,452,802,473
801,452,1009,472
195,476,343,505
333,472,479,501
488,471,640,503
627,477,882,500
875,477,1000,503
167,501,350,530
344,509,559,530
550,502,598,531
590,510,639,528
628,505,730,532
720,507,861,531
863,505,987,531
172,532,272,555
269,528,411,555
410,535,456,558
446,523,536,552
536,526,640,556
737,531,868,558
854,532,1004,555
206,557,403,584
394,554,445,584
444,553,638,581
628,561,719,582
721,557,1002,581
172,592,247,608
499,586,634,605
630,580,812,611
816,588,985,609
985,592,1007,611
162,617,230,631
326,612,483,640
472,614,531,633
530,611,769,636
230,615,352,638
193,640,390,666
386,637,539,658
524,635,715,665
712,645,778,665
379,638,774,667
553,641,774,663
771,638,886,662
875,637,1009,665
268,672,480,692
465,668,605,691
589,662,719,688
713,663,878,691
879,669,1003,692
202,697,364,718
365,691,624,721
197,723,383,740
383,719,477,743
466,711,669,750
667,714,775,750
760,725,921,746
904,723,1013,750
149,755,305,770
294,745,333,768
326,750,478,770
478,749,595,772
583,744,729,768
729,748,921,767
917,743,1006,773
176,778,264,799
260,771,398,798
392,777,535,797
551,773,628,799
628,767,808,799
815,775,941,800
938,771,1006,799
167,800,249,824
233,796,405,827
402,793,545,828
205,825,392,853
395,820,583,851
581,828,785,858
783,827,1020,854
160,852,270,880
267,854,402,879
393,857,684,877
665,854,760,874
735,852,823,879
822,853,1022,875
167,886,255,903
207,909,282,933
271,914,352,933
338,912,471,938
448,907,522,928
511,910,627,934
613,907,791,934
797,909,849,933
843,915,990,936
152,947,268,967
268,932,396,961
393,939,636,962
189,962,468,984
442,952,665,987
657,957,847,984
839,962,1003,986
169,996,233,1012
221,987,407,1019
395,989,527,1017
180,1013,279,1040
270,1014,436,1043
438,1021,549,1043
529,1019,778,1045
770,1013,913,1039
923,1018,1011,1044
175,1050,264,1071
249,1045,349,1070
331,1036,507,1070
491,1044,590,1065
592,1047,645,1074
614,1046,760,1065
759,1046,904,1071
905,1048,1016,1069
169,1078,357,1096
353,1062,475,1100
451,1047,696,1105
682,1054,726,1099
728,1065,1012,1095
166,1093,255,1124
243,1097,362,1125
364,1084,551,1123
544,1102,714,1128
706,1101,895,1125
881,1101,1013,1125
165,1132,204,1149
203,1118,245,1146
236,1124,328,1148
327,1125,465,1149
462,1129,500,1153
498,1121,549,1148
549,1125,635,1148
638,1130,735,1150
725,1128,847,1147
841,1129,942,1147
936,1127,1011,1144
162,1150,280,1173
203,1174,308,1207
308,1171,405,1201
390,1179,491,1205
488,1177,632,1203
629,1186,700,1206
684,1178,862,1203
893,1178,1009,1200
245,1211,398,1231
164,1204,253,1229
401,1204,518,1231
519,1200,634,1234
628,1203,747,1236
741,1209,912,1231
908,1205,1011,1232
167,1227,401,1259
392,1236,569,1256
562,1232,757,1256
759,1239,874,1253
874,1235,1011,1261
165,1263,245,1287
243,1258,313,1285
317,1264,353,1286
342,1261,398,1287
403,1258,450,1284
437,1258,617,1285
683,1263,766,1283
809,1263,876,1283
880,1261,1013,1284
156,1283,301,1310
291,1288,419,1309
424,1284,637,1310
637,1292,1011,1312
166,1317,274,1338
274,1315,415,1340
412,1315,519,1335
510,1309,589,1344
595,1307,710,1345
754,1319,878,1338