
844,1021,968,1052
326,164,440,193
420,151,520,195
507,157,603,197
604,173,756,194
732,152,832,197
813,168,960,191
947,162,1103,197
328,189,472,216
471,186,579,218
557,183,698,217
692,182,777,222
893,194,961,218
966,196,1004,218
324,217,440,241
319,236,479,263
469,236,608,262
609,241,734,266
728,237,818,260
815,241,980,269
960,239,1093,259
323,266,386,289
367,262,432,285
415,251,500,288
490,264,670,288
659,257,842,287
841,260,1013,287
996,262,1095,288
322,287,465,310
461,279,600,315
580,289,706,317
291,314,707,342
685,302,961,340
950,304,1102,336
280,339,381,359
378,330,464,358
448,338,657,360
648,331,940,358
916,333,1091,355
286,346,522,383
521,348,789,388
759,353,970,384
330,383,406,409
403,377,472,405
453,375,539,406
474,408,536,430
339,430,431,455
297,455,595,481
592,448,860,483
845,453,1037,483
1032,451,1097,474
284,471,562,503
559,480,683,504
677,473,865,506
855,476,993,504
976,473,1090,502
297,499,457,528
433,495,568,531
553,496,650,525
645,503,734,528
722,498,966,531
951,502,1102,531
280,519,439,554
445,527,507,553
490,523,742,553
716,524,909,556
907,522,999,552
986,529,1102,549
292,557,398,578
393,538,488,578
469,550,671,575
658,547,753,578
753,541,822,574
817,547,997,574
298,569,618,594
601,560,716,594
704,564,1024,596
1013,571,1101,602
301,595,503,621
498,600,583,625
571,596,640,620
636,597,882,623
862,586,1009,618
1004,597,1092,626
302,627,366,649
330,637,381,671
380,638,602,669
588,640,699,666
687,637,830,670
815,650,970,673
961,636,1074,671
319,671,434,692
434,668,594,696
324,691,544,717
524,690,670,719
660,692,706,720
691,690,835,719
827,683,971,718
958,692,1007,722
327,720,432,741
412,705,579,742
564,714,784,737
329,742,364,769
353,739,425,769
411,740,446,765
436,742,498,763
496,738,556,765
539,737,682,763
665,738,782,764
772,734,960,763
324,760,477,789
457,764,585,787
577,755,757,791
745,756,842,788
833,768,968,788
961,760,1028,790
1021,768,1099,791
323,787,516,812
501,777,613,814
597,785,695,814
681,782,830,816
824,783,903,810
896,783,1056,809
330,815,431,837
417,804,510,839
492,810,605,838
591,801,745,837
739,812,792,835
783,800,874,842
857,809,1047,836
329,839,402,860
392,835,579,861