
155,164,327,209
191,216,348,241
346,214,403,242
403,214,470,239
462,216,627,240
611,216,711,238
706,217,769,241
745,212,863,241
856,218,963,240
966,220,1007,240
194,236,250,269
233,240,275,264
271,241,412,264
387,235,472,264
462,237,535,270
527,245,601,265
599,234,718,265
706,243,815,266
809,230,970,261
954,236,1008,264
192,262,337,287
326,266,472,292
465,260,527,286
510,251,673,287
666,261,722,290
705,269,765,291
764,258,856,295
194,285,343,311
329,294,395,310
392,286,490,315
491,292,548,315
533,285,619,316
603,281,738,312
725,287,791,314
784,285,907,309
895,294,1000,313
198,309,238,337
220,312,334,335
314,301,430,335
420,310,516,335
503,311,553,335
545,313,765,335
759,310,908,335
909,304,972,335
182,334,307,362
302,328,458,357
436,331,502,363
489,332,580,361
567,333,613,355
598,335,666,365
664,328,815,360
192,364,333,386
315,355,414,382
392,359,454,381
435,359,543,387
534,361,638,380
627,364,718,387
708,357,761,386
734,358,896,382
897,357,1003,384
187,381,274,410
261,377,388,409
371,378,465,414
445,377,600,406
587,371,713,411
686,377,800,412
786,378,890,411
889,378,1000,409
188,406,293,433
178,426,349,459
328,414,515,455
500,427,612,459
588,425,703,456
693,426,783,456
777,421,818,452
816,425,963,460
959,432,1008,458
198,457,226,484
210,444,328,477
303,450,400,483
382,450,530,479
516,457,583,484
552,447,639,478
628,453,679,480
656,453,744,483
729,446,902,472
898,451,992,478
190,472,271,505
246,472,331,505
318,473,476,509
453,473,566,506
546,478,713,505
706,474,835,500
836,475,910,506
896,482,966,509
192,501,251,526
245,507,276,531
268,492,379,530
172,604,317,629
311,610,376,628
166,629,214,655
205,631,266,652
452,608,599,631
593,603,659,628
455,624,609,651
603,627,667,651
734,609,892,632
892,603,956,627
901,730,979,750
304,736,529,749
525,727,683,752
679,730,722,752
705,722,878,750
740,753,843,777
298,755,417,778
411,750,562,775
550,756,604,775
585,746,742,772
192,776,235,801
228,769,404,802
398,775,477,801
473,772,527,798
517,778,606,803
600,776,652,802
630,774,789,797
772,778,1008,804
196,792,270,824
259,795,359,823
339,796,394,823
387,795,529,821
522,800,744,826
197,825,253,846
251,820,365,848
352,825,478,845
462,817,587,846
579,827,671,848
663,825,870,847
859,817,1014,850
189,912,1003,1096
201,1088,1005,1237
187,1226,1002,1365