
48,687,140,709
53,709,151,728
143,709,223,729
45,728,179,746
169,724,231,747
51,741,236,765
50,795,116,814
53,808,176,836
54,834,145,855
140,838,218,855
54,853,133,875
122,853,170,875
170,853,227,875
41,866,233,897
365,1251,412,1288
470,1255,584,1284
579,1247,747,1283
744,1251,870,1285
256,1290,576,1322
540,1331,697,1357
688,1329,778,1350
755,1325,873,1353
864,1330,963,1355
948,1334,1003,1354
994,1329,1105,1354
256,1353,509,1381
505,1355,726,1382
714,1353,928,1382
923,1356,1101,1382
258,1384,441,1407