
213,1102,489,1142
211,218,537,237
196,1007,377,1057
213,861,1025,892
213,879,555,914
221,910,919,932
886,905,1028,950
201,921,253,960
248,914,816,961
215,557,889,600
240,584,689,621
246,620,708,659
253,631,659,675
262,661,673,695
231,701,925,715
209,702,854,739
242,726,856,770
239,756,881,793
228,779,772,809
246,808,860,846
241,823,712,878
536,219,582,245
194,1195,371,1250
195,1200,378,1252
201,1016,380,1058
175,905,203,936
171,861,197,887
169,708,201,750
164,566,204,605
169,210,209,252
211,320,235,344
226,519,838,554
233,492,742,512
723,463,1001,512
229,507,619,540
504,219,595,257
586,211,635,248
666,219,733,251
686,216,952,254
930,214,1027,248
197,223,420,253
203,236,414,263
381,227,539,277
559,225,697,262
667,216,785,271
761,221,1006,268
212,251,271,289
327,256,411,290
259,254,343,290
383,255,543,292
563,259,617,291
707,255,760,297
818,255,888,298
205,267,267,311
378,289,426,326
236,295,933,358
922,296,997,353
239,326,406,362
267,332,677,372
240,348,676,380
264,368,668,407
262,403,703,441
266,415,634,461
621,412,868,461
830,406,998,476
264,441,434,475