
190,166,777,214
182,200,1007,357
189,355,1006,502
192,497,998,680
156,657,583,706
206,715,576,749
570,724,752,743
744,711,870,750
866,719,910,743
903,716,1008,752
197,744,274,767
264,748,398,766
240,768,289,794
286,758,483,791
480,759,584,793
577,763,640,791
630,765,713,793
709,762,790,792
788,762,945,791
231,783,388,817
368,788,710,819
229,814,358,833
355,807,484,839
474,807,537,839
540,812,679,840
666,809,728,839
726,812,788,838
784,813,926,844
925,809,1006,845
235,834,413,861
396,831,565,867
560,835,685,865
671,833,726,868
711,833,903,868
899,838,983,865
237,863,311,888
308,865,474,885
464,861,656,888
645,850,747,884
739,860,840,893
822,863,974,890
234,884,354,911
233,905,331,936
310,907,445,936
426,905,533,934
515,907,631,938
614,908,792,936
765,900,1017,931
243,936,277,959
263,928,385,959
376,934,499,959
472,929,590,958
579,941,727,961
699,928,891,954
891,931,1003,959
229,954,318,986
308,956,451,981
441,947,583,978
575,950,810,988
802,957,999,983
235,983,379,1006
372,973,771,1004
205,1005,535,1029
522,1003,657,1029
652,1006,810,1035
231,1027,364,1052
359,1031,394,1052
390,1027,528,1060
516,1023,594,1055
581,1030,671,1059
658,1025,741,1052
731,1026,912,1057
231,1053,298,1081
289,1050,388,1076
375,1057,410,1074
409,1053,480,1078
481,1045,637,1077
635,1058,745,1079
736,1051,787,1081
775,1051,928,1077
214,1078,290,1105
273,1075,411,1102
402,1071,537,1104
230,1099,353,1129
340,1086,389,1126
376,1099,484,1127
478,1096,548,1129
545,1098,583,1128
578,1105,689,1124
688,1104,768,1126
754,1101,866,1125
858,1099,1012,1129
237,1124,275,1147
263,1125,412,1150
398,1123,572,1151
552,1114,666,1150
661,1124,699,1150
699,1127,787,1148
792,1125,927,1146
916,1134,1005,1150
233,1150,309,1173
300,1153,342,1170
333,1148,615,1176
236,1174,392,1199
386,1175,502,1193
494,1179,561,1198
549,1177,595,1198
585,1169,694,1196
681,1177,771,1204
771,1170,867,1196
861,1176,1003,1200
233,1197,293,1222
292,1196,409,1221
395,1197,564,1221
560,1203,660,1219
652,1193,786,1220
784,1201,1009,1224
233,1223,437,1247
205,1243,323,1271
311,1250,456,1268
454,1246,537,1266
516,1243,608,1266
599,1243,713,1271
229,1267,429,1294
420,1271,535,1296
531,1275,633,1287
624,1274,694,1297
684,1271,827,1295
816,1270,980,1297
977,1272,999,1290
232,1285,377,1319
378,1291,461,1318
232,1318,485,1342
485,1316,554,1341
537,1314,641,1340
627,1320,703,1340
705,1315,836,1339
827,1317,995,1338
980,1313,1020,1342
234,1343,380,1363
379,1344,458,1364