
430,67,822,115
569,143,687,186
107,187,271,248
630,203,797,243
820,204,1149,251
113,229,234,275
147,267,698,336
157,310,572,383
147,366,472,461
642,369,949,463
142,474,307,509
440,458,691,517
722,458,989,527
137,550,260,598
633,549,731,597
212,510,323,560
224,594,335,659
130,677,304,704
459,645,565,709
526,644,691,706
379,694,486,759
460,699,629,751
541,760,688,807
696,771,903,805
861,765,1027,805
214,809,363,852
384,815,479,850
704,805,847,848
463,854,566,910
319,850,474,894
538,850,718,891
129,918,492,960
464,917,625,972
591,904,891,960
860,917,1006,958
986,912,1148,974
95,955,170,1005
137,941,263,990
230,946,393,991
375,944,700,985
366,955,699,989
142,979,430,1034
399,947,692,995
149,956,425,1051
143,1041,386,1107
625,982,983,1038
626,1029,971,1077
619,1033,981,1105
410,1108,733,1158
692,1109,1047,1158
135,1152,403,1201
128,1200,515,1275
620,1151,999,1207
616,1198,878,1274
504,1245,727,1309
134,1312,405,1379
373,1314,509,1366
731,1321,1014,1370
974,1319,1143,1369
88,1358,230,1391
147,1385,362,1450
474,1375,705,1454
808,1370,983,1450
529,1494,646,1536
605,1498,1063,1548
160,1547,298,1589
403,1548,830,1592
152,1593,397,1633