
164,83,468,114
475,76,710,118
707,89,900,118
888,92,1131,120
148,172,481,225
641,159,804,228
148,248,366,310
427,388,798,437
490,461,953,508
960,477,1092,500
1084,467,1125,509
106,494,320,533
364,496,443,531
448,504,736,526
728,496,864,528
876,482,958,539
225,528,542,561
538,532,846,562
137,580,229,616
146,644,225,684
146,707,227,746
485,576,575,621
477,647,587,684
483,714,605,746
814,573,972,626
815,643,981,695
805,709,947,749
143,830,210,868
231,839,377,869
363,838,798,869
772,841,1122,876
98,872,277,908
121,897,229,994
469,917,733,999
825,911,1088,992
142,1016,381,1068
373,1023,526,1063
509,1024,908,1058
136,1074,243,1154
492,1077,591,1154
822,1080,922,1135
377,1159,846,1211
558,1234,881,1273
869,1241,1126,1280
159,1314,268,1364
138,1381,290,1441
135,1441,438,1496
620,1316,749,1373
619,1376,828,1433
614,1452,755,1502