
448,79,786,115
148,133,472,187
458,148,785,189
778,145,980,187
961,151,1126,186
104,178,163,218
162,182,321,223
304,192,502,220
475,186,657,225
146,238,198,280
143,298,240,344
622,230,707,284
624,297,708,344
153,377,263,418
231,371,508,413
498,381,817,416
149,439,247,483
140,494,290,586
629,437,772,483
621,494,765,589
413,609,825,655
157,682,438,720
424,679,666,721
663,694,694,726
677,687,1060,720
1054,679,1125,729
103,715,499,754
151,770,276,811
137,830,327,883
482,774,633,813
805,768,955,812
486,828,666,880
146,890,403,921
391,889,597,928
585,879,659,923
648,896,744,925
727,882,1027,923
1024,882,1131,933
107,916,355,957
146,972,325,1022
137,1038,320,1080
618,971,804,1019
619,1039,835,1083
151,1119,388,1157
102,1163,298,1201
297,1165,364,1197
357,1167,741,1202
713,1157,963,1202
949,1165,1093,1203
98,1187,271,1237
266,1191,323,1232
307,1192,546,1232
142,1228,292,1282
620,1240,788,1282
146,1312,403,1354
387,1304,510,1351
499,1320,674,1351
669,1308,1077,1353
1059,1308,1130,1353
97,1346,532,1382
282,1348,532,1387
140,1393,347,1444
134,1461,393,1515
633,1398,852,1435
638,1392,852,1443
625,1463,902,1511
157,1548,432,1578
433,1536,930,1582
908,1555,1128,1580
96,1569,241,1617
231,1578,291,1610
286,1573,636,1612