
476,74,770,119
384,151,632,186
631,153,791,185
777,156,903,186
887,158,1130,187
109,178,246,220
247,190,318,225
310,186,541,213
538,186,768,224
148,256,574,281
148,256,570,301
576,245,704,286
697,236,986,293
975,254,1131,295
107,290,226,323
148,338,225,383
492,327,559,380
825,331,925,377
159,416,413,448
421,430,569,453
548,420,621,455
604,415,692,463
679,419,765,464
758,424,821,457
805,414,961,459
146,475,281,521
152,538,230,589
485,480,575,519
817,474,956,520
487,537,621,577
455,599,771,637
154,662,430,705
470,678,604,715
604,672,744,707
728,676,889,712
832,671,1000,704
1041,661,1136,710
102,706,219,739
149,753,243,805
149,830,238,867
147,889,242,925
491,768,585,799
488,827,582,867
487,891,577,925
824,767,931,800
821,823,939,868
816,883,984,928
156,958,407,1005
447,961,586,1012
580,969,738,1003
737,966,867,1002
905,964,1063,1002
153,1010,671,1046
715,1006,797,1045
797,1012,836,1049
830,1013,875,1055
927,1011,995,1053
976,1013,1142,1045
106,1053,237,1085
237,1052,496,1087
148,1091,230,1133
223,1098,316,1141
315,1098,402,1137
397,1100,448,1131
436,1092,535,1140
519,1101,792,1136
146,1141,315,1174
142,1181,265,1228
157,1249,280,1290
625,1186,760,1226
635,1246,764,1293
153,1316,320,1362
327,1325,558,1362
551,1321,765,1359
753,1321,995,1365
984,1335,1109,1365
104,1358,421,1388
152,1393,320,1446
486,1396,531,1442
828,1390,876,1446