
159,89,364,114
355,83,785,119
911,91,1130,124
112,119,241,154
240,123,319,156
313,126,429,146
154,170,258,206
151,232,258,277
493,175,605,209
486,231,648,282
162,297,321,344
487,303,661,341
820,175,999,221
826,231,917,277
819,299,936,341
157,363,565,413
580,374,1021,411
1015,377,1047,436
107,419,175,436
168,405,246,446
246,405,354,442
340,398,837,447
151,448,238,517
148,520,241,595
401,444,477,531
405,519,502,606
640,432,733,515
885,447,977,521
149,612,418,655
149,671,309,755
621,665,783,755
153,771,399,817
388,776,714,817
708,787,906,811
898,777,1041,821
102,827,308,857
137,879,269,958
142,968,330,1056
627,873,750,955
624,968,804,1046
158,1079,479,1114
491,1078,820,1119
793,1089,1054,1123
1043,1084,1133,1122
106,1114,281,1146
154,1153,259,1212
487,1151,682,1211
825,1147,1019,1217
804,1221,956,1316
487,1239,614,1286
145,1252,423,1291
158,1342,429,1371
485,1349,619,1382
433,1335,492,1373
616,1341,848,1379
830,1342,889,1375
878,1340,955,1381
941,1341,1130,1385
79,1375,235,1409
231,1370,459,1414
147,1429,307,1474
482,1431,672,1472
815,1426,1004,1474
109,1502,653,1548
147,1559,263,1608
480,1556,613,1605
811,1558,944,1604