
401,75,833,125
462,126,769,186
152,215,394,262
369,207,666,259
648,209,1081,264
96,248,385,293
1065,224,1128,259
137,313,349,355
483,314,627,355
472,355,591,381
481,346,587,386
463,374,649,453
811,313,1026,365
819,349,927,383
816,386,1013,421
138,496,585,534
553,491,914,530
894,482,974,527
969,500,1138,526
106,524,377,559
137,591,288,623
137,643,321,692
485,589,621,625
464,654,603,689
814,586,966,625
808,650,992,690
151,726,415,776
402,728,815,778
800,731,1127,773
95,766,343,804
136,834,290,865
143,897,307,940
483,828,625,863
472,897,610,939
811,824,1136,873
820,893,1010,928
143,971,410,1014
419,983,597,1014
602,973,819,1017
792,968,1125,1013
107,1005,243,1045
154,1078,536,1131
518,1090,709,1128
685,1090,1042,1124
97,1123,423,1158
143,1184,249,1223
621,1187,733,1232
158,1275,529,1313
527,1263,707,1320
691,1268,1033,1313
107,1301,413,1346
402,1309,535,1348
146,1364,256,1415
482,1370,599,1408
817,1377,927,1409
153,1453,382,1500
377,1450,775,1503
738,1452,1143,1500
98,1488,451,1528
143,1552,393,1598
835,1580,1067,1617
485,1556,715,1594
1181,1582,1354,1616