
701,861,1196,926
1161,879,1559,930
1148,558,1252,609
1180,605,1275,648
1241,606,1408,662
1149,337,1393,571
1015,673,1258,758
947,477,1167,546
986,624,1194,702
741,345,869,605
479,335,719,546
428,479,502,535
769,271,839,333
365,710,456,785
335,577,662,698
551,663,850,762
824,674,956,747
262,850,367,925
330,834,606,927
855,935,1284,992
266,937,594,986
583,943,876,986
1275,937,1557,988
178,970,434,1025
404,958,731,1032
769,974,933,1041
940,968,1186,1044
1153,973,1439,1032
169,1025,349,1079
297,1016,651,1081
1234,563,1441,619