
485,123,1275,232
241,295,445,366
216,381,423,447
375,377,634,433
621,389,762,451
225,448,352,487
324,434,378,493
364,433,718,487
704,437,827,494
310,487,386,547
369,502,537,544
522,488,640,542
617,480,670,543
644,486,832,547
231,544,359,595
365,531,480,597
520,534,598,598
578,537,723,602
230,706,712,758
244,716,703,778
241,779,590,819
544,762,822,819
222,821,744,879
711,816,826,879
215,853,620,914
595,872,700,915
224,909,456,971
1060,831,1129,897
1261,841,1343,885
1045,1063,1124,1119
1276,1064,1331,1117
1197,1065,1438,1109
1214,900,1416,1064